(kg) (lb) A1 A2 A3 A4 A5 A6 B1 B2 B3 B4 B5 C1 C2 C3 C4 C5 D1 D2 D3 D4 D5 D6 D7
0.75 1.7 10.13 10.24 10.14 10.22 10.89 11.26 11.87 11.85 12.28 12.22 12.29 12.30 12.42 12.06 12.52 12.28 13.67 13.61 14.37 13.97 14.42 13.93 14.01
1.0 2.2 10.82 11.09 10.85 10.93 11.45 12.11 12.48 12.45 12.84 12.78 13.00 12.91 13.28 12.49 13.11 12.84 15.04 14.99 15.80 15.38 15.85 15.44 15.63
1.5 3.3 11.49 11.82 11.52 11.62 11.99 12.92 13.21 13.20 13.69 13.64 13.88 13.79 14.29 13.32 13.99 13.73 15.94 15.89 16.79 16.24 16.79 16.36 16.59
2.0 4.4 11.62 12.19 11.64 11.76 12.20 13.17 13.80 13.77 14.25 14.21 14.44 14.34 14.80 13.90 14.56 14.22 16.63 16.56 17.50 17.05 17.61 17.07 17.35
2.5 5.5 11.87 12.65 11.89 12.02 12.85 13.67 14.31 14.29 14.76 14.71 14.95 14.84 15.41 14.39 15.07 14.73 17.51 17.42 18.32 17.73 18.30 17.93 18.18
3.0 6.6 12.31 13.10 12.34 12.46 13.34 14.13 14.83 14.80 15.26 15.20 15.46 15.34 15.96 14.89 15.59 15.23 18.12 18.06 18.98 18.36 18.95 18.58 18.83
3.5 7.7 12.75 13.55 12.78 12.91 13.78 14.56 15.33 15.32 15.77 15.72 15.98 15.86 16.51 15.37 16.11 15.73 18.73 18.67 19.73 18.98 19.62 19.20 19.48
4.0 8.8 13.21 14.01 13.22 13.33 14.23 15.03 15.83 15.81 16.28 16.22 16.47 16.37 17.06 15.87 16.62 16.23 19.34 19.28 20.39 19.62 20.26 19.84 20.11
4.5 9.9 13.63 14.43 13.66 13.78 14.64 15.47 16.33 16.32 16.78 16.72 17.00 16.91 17.61 16.35 17.13 16.72 19.96 19.88 21.05 20.24 20.91 20.46 20.76
5.0 11.0 14.07 14.88 14.10 14.22 15.09 15.91 16.83 16.80 17.28 17.22 17.50 17.44 18.17 16.85 17.63 17.20 20.56 20.49 21.69 20.87 21.55 21.08 21.40
5.5 12.1 14.49 15.31 14.54 14.66 15.52 16.33 17.23 17.21 17.69 17.62 17.90 17.94 18.68 17.34 18.13 17.69 21.13 21.07 22.33 21.47 22.16 21.70 22.03
6.0 13.2 14.92 15.76 14.96 15.10 15.96 16.77 17.72 17.69 18.16 18.10 18.38 18.43 19.19 17.80 18.62 18.16 21.71 21.64 22.96 22.07 22.79 22.30 22.65
6.5 14.3 15.36 16.20 15.38 15.53 16.36 17.19 18.19 18.16 18.65 18.58 18.88 18.93 19.72 18.28 19.12 18.64 22.30 22.23 23.59 22.68 23.41 22.89 23.28
7.0 15.4 15.78 16.62 15.81 15.97 16.79 17.63 18.67 18.64 19.11 19.04 19.35 19.43 20.22 18.73 19.60 19.13 22.89 22.79 24.22 23.28 24.03 23.50 23.90
7.5 16.5 16.21 17.07 16.25 16.38 17.22 18.04 19.14 19.11 19.59 19.52 19.83 19.90 20.73 19.21 20.08 19.59 23.45 23.37 24.84 23.86 24.65 24.09 24.51
8.0 17.6 16.63 17.50 16.67 16.81 17.64 18.44 19.61 19.59 20.07 19.97 20.30 20.40 21.24 19.67 20.58 20.07 24.02 23.94 25.47 24.47 25.24 24.68 25.13
8.5 18.7 17.05 17.92 17.09 17.24 18.07 18.88 20.09 20.05 20.54 20.45 20.79 20.88 21.75 20.14 21.04 20.50 24.59 24.50 26.08 25.05 25.86 25.28 25.74
9.0 19.8 17.46 18.35 17.50 17.68 18.48 19.28 20.56 20.53 21.02 20.91 21.25 21.37 22.24 20.61 21.54 20.98 25.15 25.06 26.70 25.65 26.47 25.87 26.49
9.5 20.9 17.88 18.77 17.92 18.10 18.90 19.71 21.02 20.99 21.46 21.38 21.72 21.85 22.75 21.05 22.00 21.44 25.72 25.62 27.33 26.23 27.07 26.45 27.10
10.0 22.0 18.30 19.20 18.35 18.50 19.31 20.12 21.47 21.45 21.93 21.84 22.19 22.32 23.24 21.52 22.48 21.91 26.26 26.18 27.94 26.81 27.67 27.02 27.69
10.5 23.1 18.69 19.61 18.74 18.91 19.72 20.53 21.95 21.90 22.38 22.31 22.65 22.80 23.75 21.95 22.95 22.36 26.81 26.72 28.54 27.39 28.26 27.61 28.29
11.0 24.2 19.08 20.01 19.13 19.32 20.16 20.94 22.38 22.36 22.85 22.76 23.11 23.27 24.24 22.42 23.43 22.81 27.35 27.27 29.13 27.95 28.86 28.17 28.86
11.5 25.3 19.49 20.42 19.55 19.72 20.58 21.33 22.85 22.82 23.30 23.21 23.58 23.76 24.72 22.86 23.88 23.27 27.89 27.81 29.72 28.51 29.42 28.73 29.44
12.0 26.4 19.89 20.83 19.93 20.13 20.98 21.75 23.31 23.28 23.76 23.66 24.04 24.23 25.22 23.31 24.36 23.74 28.43 28.35 30.31 29.07 30.02 29.28 30.01
12.5 27.5 20.27 21.23 20.32 20.52 21.41 22.15 23.76 23.74 24.22 24.12 24.49 24.69 25.70 23.76 24.82 24.17 28.97 28.87 30.90 29.64 30.59 29.84 30.60
13.0 28.6 20.68 21.63 20.72 20.92 21.83 22.54 24.21 24.19 24.68 24.55 24.95 25.15 26.19 24.19 25.28 24.62 29.50 29.42 31.48 30.18 31.16 30.38 31.16
13.5 29.7 21.07 22.02 21.11 21.32 22.25 22.95 24.67 24.62 25.11 25.01 25.40 25.62 26.67 24.65 25.75 25.06 30.02 29.93 32.05 30.74 31.74 30.94 31.72
14.0 30.8 21.45 22.43 21.51 21.70 22.64 23.34 25.10 25.07 25.57 25.45 25.85 26.08 27.15 25.07 26.20 25.52 30.56 30.47 32.62 31.27 32.29 31.50 32.29
14.5 31.9 21.83 22.81 21.88 22.10 23.05 23.75 25.56 25.51 26.00 25.91 26.30 26.53 27.63 25.53 26.66 25.94 31.06 30.99 33.21 31.82 32.87 32.05 32.85
15.0 33.0 22.23 23.21 22.28 22.48 23.47 24.12 25.99 25.95 26.45 26.35 26.74 26.99 28.11 25.95 27.11 26.40 31.60 31.51 33.78 32.36 33.42 32.58 33.42
15.5 34.1 22.60 23.61 22.65 22.87 23.87 24.53 26.44 26.40 26.89 26.79 27.19 27.44 28.59 26.40 27.56 26.82 32.10 32.03 34.36 32.89 33.99 33.12 33.97
16.0 35.2 23.54 24.60 23.59 23.81 24.90 25.56 27.56 27.53 28.04 27.90 28.35 28.63 29.67 27.51 28.60 27.97 33.43 33.35 35.82 34.30 35.30 34.54 35.27
16.5 36.3 23.93 25.00 23.99 24.19 25.32 25.96 28.02 27.98 28.49 28.36 28.79 29.08 30.15 27.96 29.05 28.41 33.96 33.86 36.40 34.86 35.85 35.09 35.84
17.0 37.4 24.32 25.41 24.37 24.60 25.72 26.34 28.47 28.42 28.93 28.80 29.25 29.54 30.63 28.39 29.51 28.87 34.49 34.38 36.98 35.40 36.43 35.63 36.39
17.5 38.5 24.69 25.80 24.75 24.98 26.13 26.76 28.89 28.85 29.37 29.26 29.71 29.99 31.09 28.84 29.96 29.28 34.99 34.91 37.56 35.95 36.99 36.18 36.95
18.0 39.6 25.09 26.18 25.13 25.37 26.53 27.13 29.35 29.31 29.80 29.70 30.14 30.46 31.60 29.26 30.42 29.72 35.51 35.43 38.11 36.49 37.56 36.72 37.50
18.5 40.7 25.48 26.56 25.53 25.76 26.94 27.53 29.78 29.73 30.26 30.12 30.59 30.91 32.06 29.69 30.86 30.17 36.04 35.95 38.68 37.02 38.10 37.26 38.06
19.0 41.8 25.83 26.96 25.89 26.13 27.34 27.90 30.23 30.17 30.70 30.56 31.03 31.36 32.52 30.12 31.31 30.59 36.55 36.45 39.24 37.58 38.67 37.80 38.60
19.5 42.9 26.21 27.35 26.28 26.52 27.72 28.31 30.64 30.61 31.11 31.00 31.48 31.81 32.98 30.55 31.75 31.03 37.06 36.97 39.80 38.11 39.22 38.32 39.15
20.0 44.0 26.59 27.73 26.64 26.90 28.14 28.69 31.09 31.03 31.55 31.42 31.91 32.27 33.45 30.98 32.20 31.45 37.57 37.48 40.37 38.61 39.76 38.86 39.71
20.5 45.1 26.95 28.06 27.02 27.27 28.45 29.02 31.36 31.32 31.84 31.72 32.21 32.63 33.84 31.25 32.51 31.76 38.00 37.89 40.82 39.07 40.22 39.30 40.14
21.0 46.2 27.32 28.40 27.36 27.62 28.76 29.35 31.65 31.61 32.13 31.99 32.49 33.00 34.21 31.53 32.80 32.07 38.42 38.33 41.29 39.50 40.67 39.75 40.60
21.5 47.3 27.67 28.72 27.74 27.99 29.07 29.68 31.94 31.88 32.43 32.29 32.80 33.37 34.59 31.81 33.08 32.37 38.83 38.74 41.74 39.93 41.13 40.18 41.05
22.0 48.4 28.03 29.19 28.09 28.35 29.37 30.01 32.22 32.16 32.71 32.57 33.09 33.73 34.98 32.08 33.38 32.67 39.27 39.16 42.20 40.37 41.56 40.62 41.50
22.5 49.5 28.65 29.80 28.72 28.99 29.97 30.62 32.80 32.75 33.31 33.18 33.69 34.43 35.69 32.67 33.99 33.29 40.06 39.96 43.06 41.19 42.41 41.43 42.34
23.0 50.6 29.01 30.13 29.07 29.34 30.28 30.95 33.08 33.03 33.60 33.46 33.99 34.80 36.07 32.94 34.28 33.58 40.48 40.38 43.50 41.63 42.85 41.87 42.77
23.5 51.7 29.36 30.48 29.42 29.70 30.58 31.29 33.37 33.31 33.86 33.74 34.29 35.16 36.45 33.21 34.59 33.89 40.89 40.80 43.96 42.06 43.29 42.30 43.23
24.0 52.8 29.70 30.79 29.78 30.04 30.88 31.62 33.64 33.60 34.15 34.02 34.57 35.52 36.83 33.49 34.88 34.19 41.31 41.20 44.41 42.49 43.74 42.73 43.65
24.5 53.9 30.06 31.11 30.12 30.41 31.18 31.95 33.92 33.85 34.44 34.31 34.87 35.88 37.20 33.76 35.16 34.47 41.72 41.62 44.86 42.92 44.18 43.16 44.09
25.0 55.0 30.41 31.45 30.49 30.77 31.49 32.26 34.16 34.12 34.72 34.59 35.16 36.23 37.57 34.02 35.46 34.77 42.12 42.03 45.30 43.34 44.62 43.59 44.54
25.5 56.1 30.75 31.77 30.83 31.11 31.78 32.57 34.44 34.40 35.01 34.87 35.44 36.58 37.94 34.29 35.74 35.06 42.54 42.43 45.74 43.76 45.05 44.01 44.96
26.0 57.2 31.10 32.08 31.18 31.46 32.07 32.90 34.71 34.67 35.28 35.14 35.72 36.96 38.32 34.57 36.04 35.35 42.95 42.83 46.18 44.19 45.47 44.42 45.39
26.5 58.3 31.46 32.41 31.52 31.81 32.36 33.21 34.98 34.93 35.55 35.42 36.00 37.30 38.67 34.82 36.31 35.64 43.35 43.24 46.63 44.60 45.91 44.84 45.82
27.0 59.4 31.78 32.71 31.84 32.16 32.66 33.53 35.26 35.21 35.83 35.68 36.29 37.65 39.02 35.08 36.59 35.92 43.75 43.64 47.05 45.01 46.35 45.26 46.24
27.5 60.5 32.13 33.03 32.20 32.49 32.94 33.83 35.52 35.47 36.10 35.95 36.56 38.00 39.40 35.33 36.88 36.21 44.13 44.03 47.48 45.43 46.76 45.69 46.66
28.0 61.6 32.46 33.34 32.54 32.84 33.24 34.15 35.79 35.73 36.36 36.22 36.85 38.35 39.76 35.60 37.15 36.50 44.54 44.42 47.91 45.84 47.19 46.09 47.08
28.5 62.7 32.79 33.66 32.87 33.18 33.53 34.45 36.05 35.98 36.62 36.51 37.13 38.69 40.10 35.86 37.42 36.79 44.93 44.83 48.32 46.23 47.61 46.49 47.50
29.0 63.8 33.13 33.96 33.20 33.50 33.81 34.77 36.30 36.26 36.90 36.76 37.40 39.02 40.47 36.12 37.69 37.06 45.31 45.22 48.77 46.66 48.01 46.92 47.92
29.5 64.9 33.46 34.27 33.52 33.85 34.11 35.07 36.57 36.52 37.16 37.03 37.67 39.37 40.82 36.38 37.97 37.35 45.72 45.60 49.19 47.05 48.44 47.31 48.33
30.0 66.0 33.79 34.57 33.86 34.19 34.39 35.37 36.83 36.77 37.43 37.29 37.93 39.73 41.17 36.64 38.24 37.63 46.10 46.00 49.59 47.44 48.85 47.70 48.75