(kg) (lb) E1 E2 E3 E4 E5 F1 F2 F3 F4 F5 F6 G1 G2 G3 G4 H1 H2 H3 H4 H5 J1 J2
0.75 1.7 14.73 14.59 14.65 14.73 14.80 16.84 17.01 19.93 20.15 20.28 20.48 16.87 16.72 16.75 16.72 18.88 18.68 22.79 16.36 22.81 18.02 21.21
1.0 2.2 20.41 20.21 20.38 20.41 20.50 23.81 24.04 29.33 29.62 30.53 30.83 22.60 22.38 22.43 22.38 26.58 26.30 33.27 21.92 33.78 20.10 21.64
1.5 3.3 24.19 23.95 24.17 24.19 24.30 28.34 28.61 36.81 37.17 38.29 38.68 29.71 29.43 29.49 29.43 33.22 32.88 40.88 28.82 41.49 22.26 25.13
2.0 4.4 28.98 28.68 28.94 28.98 29.11 32.66 32.98 40.23 40.64 41.88 42.30 33.35 33.03 33.10 33.03 39.62 39.24 49.06 32.35 48.89 25.92 29.17
2.5 5.5 31.68 31.37 31.50 31.68 31.83 34.44 34.77 44.88 45.31 46.68 47.15 38.81 38.45 38.53 38.45 43.09 42.66 53.74 37.65 53.62 29.65 33.30
3.0 6.6 33.29 32.96 33.09 33.29 33.44 36.22 36.59 46.93 47.39 48.84 49.33 41.72 41.31 41.42 41.31 46.37 45.91 57.62 40.45 57.58 35.57 36.59
3.5 7.7 34.87 34.53 34.68 34.87 35.04 38.02 38.41 48.96 49.44 51.00 51.50 44.59 44.17 44.27 44.16 49.64 49.15 61.47 43.26 61.51 38.81 39.88
4.0 8.8 36.46 36.11 36.24 36.46 36.65 39.79 40.18 51.00 51.50 53.14 53.66 47.47 47.01 47.13 47.00 52.89 52.38 65.31 46.05 65.44 42.06 43.14
4.5 9.9 38.04 37.68 37.82 38.04 38.23 41.57 41.99 53.03 53.56 55.28 55.81 50.33 49.83 49.97 49.84 56.15 55.59 69.14 48.82 69.35 45.31 46.43
5.0 11.0 39.62 39.24 39.39 39.62 39.83 43.33 43.75 55.03 55.58 57.40 57.96 53.17 52.65 52.80 52.66 59.37 58.79 72.94 51.57 73.24 47.84 49.83
5.5 12.1 41.13 40.72 40.89 41.13 41.32 45.03 45.49 56.95 57.52 59.41 60.00 55.95 55.41 55.54 55.41 62.45 61.84 76.59 54.27 76.99 51.35 56.08
6.0 13.2 42.60 42.20 42.36 42.60 42.82 46.73 47.20 58.86 59.47 61.41 62.02 58.70 58.13 58.27 58.13 65.52 64.88 80.25 56.93 80.73 54.41 59.38
6.5 14.3 44.10 43.67 43.83 44.10 44.31 48.43 48.92 60.76 61.37 63.39 64.04 61.44 60.85 60.98 60.85 68.57 67.90 83.87 59.59 84.44 57.42 62.67
7.0 15.4 45.56 45.13 45.32 45.56 45.79 50.12 50.62 62.68 63.30 65.38 66.03 64.16 63.55 63.71 63.55 71.62 70.90 87.51 62.24 88.13 60.46 65.92
7.5 16.5 47.05 46.59 46.78 47.05 47.26 51.80 52.30 64.57 65.21 67.37 68.02 66.89 66.25 66.39 66.25 74.64 73.90 91.10 64.89 91.83 63.48 69.18
8.0 17.6 48.50 48.03 48.23 48.50 48.74 53.46 54.00 66.45 67.11 69.33 70.01 69.59 68.92 69.09 68.92 77.65 76.89 94.68 67.50 95.48 66.48 72.42
8.5 18.7 49.96 49.49 49.68 49.96 50.21 55.14 55.69 68.31 69.00 71.27 71.99 72.29 71.58 71.76 71.58 80.66 79.85 98.25 70.12 99.14 69.47 75.66
9.0 19.8 51.42 50.92 51.12 51.42 51.67 56.81 57.36 70.19 70.88 73.23 73.95 74.96 74.23 74.43 74.25 83.63 82.81 101.80 72.72 102.77 72.46 78.90
9.5 20.9 52.86 52.34 52.55 52.86 53.12 58.44 59.02 72.04 72.76 75.17 75.91 77.64 76.88 77.07 76.89 86.61 85.76 105.34 75.30 106.41 75.45 82.11
10.0 22.0 54.29 53.78 53.98 54.29 54.56 60.09 60.68 73.89 74.63 77.11 77.87 80.29 79.52 79.72 79.53 89.56 88.69 108.86 77.89 110.00 79.67 86.03
10.5 23.1 55.68 55.13 55.35 55.68 55.95 61.65 62.25 75.67 76.44 78.95 79.72 82.83 82.01 82.22 82.02 92.42 91.53 112.22 80.35 113.45 84.67 89.26
11.0 24.2 57.06 56.50 56.71 57.06 57.33 63.21 63.82 77.45 78.21 80.78 81.58 85.35 84.53 84.72 84.53 95.27 94.32 115.56 82.79 116.90 87.78 92.49
11.5 25.3 58.41 57.84 58.08 58.41 58.70 64.73 65.37 79.24 80.00 82.61 83.42 87.85 87.00 87.22 87.00 98.09 97.13 118.89 85.21 120.31 90.86 95.70
12.0 26.4 59.77 59.20 59.41 59.77 60.06 66.28 66.91 80.99 81.77 84.41 85.25 90.36 89.48 89.70 89.49 100.91 99.93 122.19 87.64 123.72 93.94 98.91
12.5 27.5 61.12 60.52 60.76 61.12 61.41 67.80 68.47 82.73 83.55 86.23 87.08 92.83 91.94 92.16 91.94 103.73 102.70 125.51 90.04 127.11 97.00 102.09
13.0 28.6 62.45 61.86 62.08 62.45 62.76 69.32 70.00 84.49 85.32 88.04 88.90 95.32 94.38 94.62 94.39 106.51 105.47 128.79 92.46 130.48 100.06 105.29
13.5 29.7 63.80 63.18 63.43 63.80 64.10 70.84 71.52 86.21 87.07 89.82 90.71 97.77 96.83 97.07 96.83 109.31 108.22 132.06 94.84 133.85 103.10 108.46
14.0 30.8 65.13 64.49 64.73 65.13 65.44 72.33 73.06 87.93 88.81 91.61 92.51 100.23 99.24 99.49 99.25 112.07 110.96 135.32 97.23 137.19 106.15 111.65
14.5 31.9 66.45 65.81 66.07 66.45 66.77 73.84 74.57 89.65 90.54 93.39 94.30 102.68 101.67 101.92 101.68 114.83 113.69 138.56 99.60 140.52 108.09 114.79
15.0 33.0 67.76 67.11 67.37 67.76 68.09 75.34 76.07 91.36 92.27 95.15 96.08 105.10 104.09 104.33 104.09 117.56 116.40 141.77 101.95 143.83 108.61 115.51
15.5 34.1 69.09 68.42 68.68 69.09 69.42 76.81 77.57 93.07 93.99 96.91 97.87 107.52 106.48 106.74 106.48 120.28 119.10 144.99 104.30 147.14 111.51 118.57
16.0 35.2 72.04 71.35 71.63 72.04 72.41 80.14 80.93 97.00 97.96 100.99 101.99 112.51 111.42 111.70 111.43 125.93 124.68 151.68 109.16 153.97 117.11 124.50
16.5 36.3 73.39 72.67 72.97 73.39 73.73 81.65 82.45 98.74 99.70 102.77 103.79 114.98 113.85 114.13 113.85 128.68 127.42 154.93 111.52 157.31 120.05 127.62
17.0 37.4 74.70 73.99 74.28 74.70 75.07 83.16 83.95 100.46 101.45 104.54 105.58 117.42 116.27 116.55 116.27 131.45 130.14 158.16 113.89 160.65 122.99 130.70
17.5 38.5 76.03 75.28 75.58 76.03 76.39 84.65 85.48 102.16 103.18 106.32 107.36 119.86 118.67 118.96 118.69 134.19 132.86 161.40 116.26 163.95 125.91 133.82
18.0 39.6 77.33 76.59 76.88 77.33 77.71 86.13 86.97 103.86 104.89 108.07 109.12 122.27 121.07 121.37 121.08 136.92 135.56 164.60 118.61 167.26 128.84 136.88
18.5 40.7 78.63 77.88 78.19 78.63 79.03 87.60 88.46 105.56 106.60 109.82 110.90 124.68 123.45 123.75 123.46 139.63 138.24 167.79 120.93 170.53 131.76 139.98
19.0 41.8 79.95 79.16 79.49 79.95 80.32 89.06 89.95 107.24 108.30 111.57 112.65 127.08 125.83 126.13 125.85 142.33 140.92 170.97 123.26 173.80 134.64 143.02
19.5 42.9 81.23 80.44 80.77 81.23 81.62 90.54 91.41 108.92 109.98 113.30 114.41 129.46 128.18 128.50 128.18 145.03 143.59 174.13 125.57 177.04 137.53 146.09
20.0 44.0 82.50 81.73 82.04 82.50 82.93 92.00 92.89 110.57 111.67 115.02 116.14 131.81 130.54 130.86 130.54 147.70 146.25 177.28 127.85 180.30 140.42 149.13
20.5 45.1 83.62 82.80 83.14 83.62 84.02 93.18 94.09 111.96 113.08 116.47 117.62 133.86 132.54 132.88 132.56 149.99 148.52 180.00 129.84 183.07 140.83 153.22
21.0 46.2 84.70 83.89 84.22 84.70 85.12 94.38 95.31 113.34 114.45 117.93 119.08 135.89 134.56 134.90 134.57 152.28 150.78 182.68 131.81 185.88 144.60 157.30
21.5 47.3 85.80 84.98 85.30 85.80 86.21 95.58 96.50 114.72 115.84 119.37 120.54 137.90 136.56 136.91 136.56 154.56 153.03 185.37 133.77 188.63 148.35 161.36
22.0 48.4 86.88 86.04 86.38 86.88 87.30 96.76 97.71 116.07 117.21 120.81 121.99 139.92 138.55 138.90 138.56 156.81 155.26 188.02 135.71 191.38 152.09 165.41
22.5 49.5 89.64 88.78 89.13 89.64 90.07 99.72 100.67 119.38 120.55 124.23 125.44 144.11 142.72 143.08 142.73 161.43 159.84 193.34 139.80 197.31 156.80 171.20
23.0 50.6 90.72 89.84 90.19 90.72 91.16 100.90 101.87 120.74 121.93 125.66 126.89 146.13 144.71 145.07 144.71 163.69 162.06 196.01 141.77 200.08 160.55 175.24
23.5 51.7 91.80 90.92 91.26 91.80 92.23 102.08 103.05 122.08 123.29 127.09 128.32 148.12 146.69 147.05 146.70 165.94 164.30 198.65 143.69 202.81 164.27 179.25
24.0 52.8 92.85 91.97 92.34 92.85 93.30 103.24 104.23 123.44 124.65 128.50 129.76 150.10 148.66 149.02 148.66 168.17 166.53 201.29 145.63 205.54 167.99 183.29
24.5 53.9 93.93 93.03 93.38 93.93 94.37 104.40 105.41 124.77 126.00 129.91 131.17 152.08 150.61 150.98 150.61 170.40 168.72 203.91 147.54 208.26 171.70 187.29
25.0 55.0 94.98 94.06 94.44 94.98 95.44 105.56 106.58 126.11 127.34 131.31 132.59 154.04 152.57 152.93 152.57 172.62 170.92 206.51 149.43 210.93 175.39 191.27
25.5 56.1 96.04 95.11 95.48 96.04 96.49 106.70 107.74 127.44 128.68 132.71 134.00 156.01 154.49 154.88 154.51 174.81 173.09 209.11 151.36 213.62 179.07 195.23
26.0 57.2 97.08 96.15 96.52 97.08 97.55 107.86 108.90 128.74 130.02 134.09 135.39 157.95 156.42 156.81 156.43 177.01 175.27 211.69 153.23 216.29 182.73 199.21
26.5 58.3 98.12 97.19 97.56 98.12 98.60 109.00 110.05 130.07 131.33 135.48 136.79 159.90 158.34 158.74 158.36 179.19 177.41 214.27 155.12 218.95 186.40 203.14
27.0 59.4 99.16 98.21 98.60 99.16 99.63 110.12 111.20 131.35 132.65 136.85 138.19 161.82 160.25 160.65 160.26 181.35 179.56 216.82 156.98 221.60 190.02 207.08
27.5 60.5 100.19 99.22 99.62 100.19 100.66 111.24 112.32 132.65 133.96 138.21 139.55 163.73 162.15 162.55 162.16 183.51 181.70 219.35 158.84 224.23 193.65 210.99
28.0 61.6 101.21 100.25 100.62 101.21 101.70 112.37 113.46 133.94 135.26 139.56 140.93 165.64 164.03 164.45 164.04 185.65 183.82 221.89 160.69 226.84 197.27 214.89
28.5 62.7 102.22 101.25 101.64 102.22 102.71 113.48 114.59 135.22 136.54 140.92 142.29 167.53 165.92 166.33 165.93 187.78 185.94 224.39 162.53 229.42 200.88 218.78
29.0 63.8 103.24 102.23 102.64 103.24 103.73 114.59 115.70 136.50 137.84 142.27 143.65 169.42 167.78 168.19 167.79 189.91 188.03 226.90 164.36 232.00 204.45 222.66
29.5 64.9 104.24 103.26 103.65 104.24 104.76 115.68 116.82 137.75 139.12 143.59 144.99 171.28 169.63 170.06 169.64 192.02 190.13 229.39 166.17 234.58 208.03 226.53
30.0 66.0 105.25 104.23 104.65 105.25 105.75 116.79 117.91 139.01 140.38 144.93 146.33 173.15 171.48 171.91 171.50 194.12 192.21 231.86 167.99 237.14 211.59 230.35