0.5 1.7
1.0 2.2
1.5 3.3
2.0 4.4
2.5 5.5
3.0 6.6
3.5 7.7
4.0 8.8
4.5 9.9
5.0 11.0
5.5 12.1
6.0 13.2
6.5 14.3
7.0 15.4
7.5 16.5
8.0 17.6
8.5 18.7
9.0 19.8
9.5 20.9
10.0 22.0
10.5 23.1
11.0 24.2
11.5 25.3
12.0 26.4
12.5 27.5
13.0 28.6
13.5 29.7
14.0 30.8
14.5 31.9
15.0 33.0
15.5 34.1
16.0 35.2
16.5 36.3
17.0 37.4
17.5 38.5
18.0 39.6
18.5 40.7
19.0 41.8
19.5 42.9
20.0 44.0
20.5 45.1
21.0 46.2
21.5 47.3
22.0 48.4
22.5 49.5
23.0 50.6
23.5 51.7
24.0 52.8
24.5 53.9
25.0 55.0
25.5 56.1
26.0 57.2
26.5 58.3
27.0 59.4
27.5 60.5
28.0 61.6
28.5 62.7
29.0 63.8
29.5 64.9
30.0 66.0