(kg) (lb) 101 102 103 104 105 106 107 108 109 110
0.5 1.7 54.20 64.27 81.00 68.76 70.19 77.59 74.78 82.76 72.53 82.11
1.0 2.2 56.65 72.01 87.30 77.02 78.05 85.36 81.77 89.02 80.06 86.50
1.5 3.3 59.38 77.43 94.77 82.76 84.43 92.30 90.00 99.01 85.99 95.33
2.0 4.4 64.90 83.91 104.01 89.89 91.62 100.57 99.36 110.96 93.27 105.93
2.5 5.5 71.05 93.84 114.86 100.68 102.30 112.36 110.38 125.21 104.42 119.10
3.0 6.6 78.05 103.67 127.56 111.13 112.57 124.11 123.08 139.27 114.86 132.89
3.5 7.7 85.80 117.00 142.95 125.90 124.76 140.09 135.94 154.34 129.57 147.53
4.0 8.8 92.88 124.57 155.53 135.72 134.39 151.16 148.07 168.63 139.68 160.98
4.5 9.9 101.14 134.58 168.75 147.15 146.34 163.98 159.67 185.28 151.23 176.69
5.0 11.0 109.71 141.97 182.18 155.88 155.64 175.06 174.38 201.90 160.34 192.85
5.5 12.1 116.13 154.91 198.43 165.99 166.25 186.20 186.20 214.34 170.94 204.80
6.0 13.2 122.51 162.77 211.02 173.96 174.33 196.59 197.34 225.83 179.65 215.88
6.5 14.3 130.20 169.79 223.24 181.26 181.74 206.07 207.06 237.04 187.24 226.52
7.0 15.4 136.76 178.28 236.11 190.34 190.73 216.98 217.04 248.12 196.43 237.62
7.5 16.5 143.42 186.50 247.54 199.35 199.85 227.49 227.02 258.68 205.79 248.09
8.0 17.6 149.69 191.71 258.23 204.58 205.47 234.97 236.63 268.44 211.13 257.67
8.5 18.7 156.45 199.65 269.48 213.30 214.18 245.24 246.74 279.71 220.20 268.70
9.0 19.8 162.67 205.03 280.23 220.04 221.01 253.76 255.99 290.11 227.33 279.01
9.5 20.9 169.22 210.39 291.02 227.09 228.15 262.54 265.81 302.45 234.97 291.00
10.0 22.0 175.92 218.30 301.01 234.16 236.73 272.60 275.91 314.79 243.46 303.40
10.5 23.1 187.29 218.37 312.09 234.92 243.53 280.39 285.45 326.64 245.87 315.11
11.0 24.2 194.01 225.93 322.77 242.79 252.17 289.92 294.98 338.86 254.66 327.03
11.5 25.3 200.04 229.62 331.52 246.27 255.88 295.72 302.51 349.25 258.51 337.12
12.0 26.4 207.51 234.45 341.37 251.21 261.21 302.91 311.36 359.72 263.73 347.53
12.5 27.5 214.23 240.93 351.73 258.18 268.30 311.64 320.89 369.87 271.03 357.78
13.0 28.6 221.24 248.41 362.80 265.00 277.16 321.68 330.70 381.08 279.35 368.92
13.5 29.7 227.80 254.79 372.92 269.19 284.19 330.43 339.78 393.31 286.49 380.47
14.0 30.8 234.21 259.65 382.93 273.12 291.10 338.86 349.37 405.22 292.13 391.79
14.5 31.9 241.52 266.03 393.20 281.54 299.90 348.68 359.99 418.86 300.95 404.80
15.0 33.0 248.71 274.94 402.21 289.69 308.49 358.85 371.08 431.33 309.68 415.83
15.5 34.1 256.33 280.23 409.22 291.92 317.14 368.16 380.96 443.45 313.80 427.10
16.0 35.2 263.00 286.24 419.10 299.80 325.83 377.75 390.56 455.23 321.11 438.37
16.5 36.3 270.06 293.48 429.44 309.28 336.22 388.82 401.00 467.99 325.87 450.12
17.0 37.4 276.78 298.14 439.49 317.10 344.80 398.43 410.71 478.14 334.21 460.71
17.5 38.5 283.10 304.12 449.59 322.44 352.12 406.87 419.62 488.81 341.11 471.35
18.0 39.6 288.43 310.31 458.10 323.18 355.83 412.60 427.20 498.07 344.72 480.20
18.5 40.7 294.58 316.35 466.59 325.48 361.28 419.62 435.87 508.25 348.63 489.61
19.0 41.8 300.17 319.70 475.28 327.32 366.04 426.05 444.48 518.47 352.30 498.79
19.5 42.9 307.96 323.29 484.34 335.64 371.42 433.11 453.38 528.81 356.15 508.19
20.0 44.0 314.63 329.27 494.33 343.45 380.18 442.55 463.44 539.95 362.87 518.26
20.5 45.1 327.09 333.69 507.55 345.64 392.88 448.79 471.88 549.36 365.06 526.48
21.0 46.2 333.92 335.89 517.08 351.73 400.08 456.43 480.68 558.14 370.24 535.48
21.5 47.3 340.02 339.20 526.50 356.55 405.54 463.44 489.28 568.04 374.01 544.28
22.0 48.4 346.90 341.37 534.88 359.77 409.18 468.77 496.75 575.48 375.98 551.93
22.5 49.5 352.76 343.57 543.74 361.34 413.32 474.52 503.83 584.52 379.63 560.11
23.0 50.6 358.57 345.87 552.56 362.63 417.25 480.10 510.94 593.07 380.50 568.66
23.5 51.7 364.24 348.04 561.14 363.27 421.09 485.61 518.23 601.38 385.33 576.72
24.0 52.8 369.52 350.34 568.95 363.45 424.45 490.60 525.12 608.98 389.63 583.81
24.5 53.9 376.14 355.16 578.94 370.24 432.05 499.40 534.42 619.50 395.37 593.32
25.0 55.0 382.46 359.89 588.64 376.50 439.48 507.73 543.79 629.07 402.04 601.98
25.5 56.1 397.04 366.65 601.95 377.28 444.76 513.81 551.01 637.36 404.85 610.04
26.0 57.2 403.49 372.52 611.45 383.14 452.00 521.57 559.35 646.60 409.92 619.12
26.5 58.3 409.61 377.07 620.40 387.92 457.52 528.23 566.88 655.10 414.84 627.44
27.0 59.4 415.30 380.50 629.65 390.84 461.34 533.33 573.66 662.67 415.49 635.45
27.5 60.5 421.39 385.22 637.63 395.73 467.03 540.17 581.07 671.28 420.99 643.45
28.0 61.6 427.48 389.75 646.49 400.54 472.71 547.01 588.83 680.48 423.58 652.05
28.5 62.7 433.11 390.37 654.59 401.69 476.47 552.24 596.00 688.76 424.15 659.88
29.0 63.8 438.40 391.29 662.10 402.04 478.57 556.20 602.67 696.10 424.72 667.14
29.5 64.9 444.15 392.00 670.19 403.30 482.40 561.31 609.96 704.73 426.63 675.08
30.0 66.0 449.88 394.01 679.27 406.46 487.92 567.67 617.70 713.33 429.83 683.32
30.1 66.1 6.62 4.01 8.87 3.94 4.72 5.88 7.23 8.27 4.17 8.13
