0.75 1.7 20.26 23.28 20.32 20.36 22.88 22.12 25.49 25.43 26.08 26.05 26.54 25.20 26.43 25.64 26.62 26.42 31.91 31.83 33.06 32.76 33.12 32.36 32.84
1.0 2.2 20.82 23.96 20.86 20.87 23.47 22.80 26.29 26.23 26.85 26.80 27.45 25.94 27.42 26.27 27.40 27.21 33.34 33.26 34.55 34.18 34.79 33.83 34.57
1.5 3.3 21.30 24.46 21.35 21.36 23.94 23.39 26.86 26.79 27.37 27.34 27.99 26.43 27.92 26.78 27.94 27.76 33.99 33.88 35.21 34.83 35.78 34.48 35.57
2.0 4.4 21.91 24.72 21.93 21.96 24.63 24.17 27.60 27.54 28.14 28.10 28.79 27.16 28.71 27.55 28.72 28.54 34.87 34.79 36.11 35.78 36.77 35.38 36.51
2.5 5.5 22.52 24.81 22.55 22.56 25.29 24.94 28.28 28.22 28.90 28.87 29.57 27.92 29.52 28.28 29.50 29.33 35.77 35.68 37.09 36.66 37.68 36.31 37.47
3.0 6.6 23.08 25.41 23.09 23.12 25.91 25.54 28.95 28.88 29.57 29.53 30.25 28.56 30.20 28.95 30.18 29.98 36.60 36.52 37.96 37.46 38.50 37.15 38.35
3.5 7.7 23.61 26.00 23.66 23.68 26.54 26.16 29.62 29.54 30.24 30.20 30.92 29.22 30.87 29.61 30.86 30.65 37.44 37.34 38.81 38.25 39.30 37.99 39.21
4.0 8.8 24.17 26.60 24.21 24.24 27.15 26.76 30.29 30.22 30.90 30.87 31.59 29.87 31.56 30.26 31.54 31.32 38.26 38.17 39.67 39.02 40.10 38.83 40.08
4.5 9.9 24.72 27.18 24.76 24.78 27.77 27.36 30.94 30.88 31.57 31.53 32.28 30.50 32.24 30.92 32.22 31.96 39.07 38.99 40.50 39.81 40.91 39.67 40.93
5.0 11.0 25.26 27.77 25.31 25.32 28.37 27.96 31.60 31.54 32.23 32.18 32.94 31.15 32.91 31.56 32.89 32.62 39.90 39.80 41.35 40.57 41.70 40.49 41.79
5.5 12.1 25.80 28.36 25.86 25.87 28.99 28.57 32.27 32.18 32.89 32.83 33.61 31.78 33.59 32.21 33.55 33.27 40.68 40.57 42.15 41.32 42.46 41.28 42.61
6.0 13.2 26.35 28.93 26.38 26.42 29.59 29.16 32.92 32.84 33.53 33.48 34.27 32.40 34.25 32.86 34.21 33.93 41.45 41.35 42.94 42.08 43.23 42.06 43.40
6.5 14.3 26.89 29.52 26.92 26.95 30.20 29.75 33.57 33.49 34.18 34.13 34.92 33.05 34.92 33.50 34.87 34.57 42.22 42.13 43.73 42.81 44.03 42.84 44.22
7.0 15.4 27.43 30.09 27.47 27.49 30.80 30.34 34.21 34.13 34.83 34.78 35.60 33.67 35.60 34.13 35.53 35.21 42.99 42.90 44.50 43.56 44.81 43.61 45.01
7.5 16.5 27.97 30.67 28.00 28.02 31.40 30.94 34.87 34.78 35.49 35.43 36.25 34.30 36.25 34.78 36.18 35.84 43.76 43.64 45.29 44.30 45.61 44.39 45.81
8.0 17.6 28.48 31.24 28.53 28.56 31.99 31.52 35.51 35.43 36.12 36.07 36.90 34.91 36.91 35.40 36.84 36.50 44.51 44.41 46.08 45.00 46.40 45.16 46.59
8.5 18.7 29.01 31.81 29.06 29.09 32.60 32.10 36.14 36.06 36.75 36.69 37.54 35.53 37.56 36.03 37.48 37.12 45.28 45.17 46.84 45.74 47.18 45.91 47.38
9.0 19.8 29.54 32.37 29.59 29.62 33.18 32.68 36.77 36.69 37.39 37.33 38.19 36.14 38.22 36.65 38.13 37.75 46.04 45.91 47.62 46.45 47.96 46.68 48.16
9.5 20.9 30.07 32.93 30.11 30.15 33.77 33.26 37.41 37.32 38.03 37.95 38.83 36.76 38.85 37.28 38.77 38.37 46.79 46.66 48.38 47.17 48.74 47.43 48.93
10.0 22.0 30.59 33.50 30.64 30.66 34.36 33.83 38.05 37.95 38.65 38.60 39.47 37.38 39.49 37.91 39.41 39.01 47.53 47.41 49.14 47.89 49.52 48.19 49.73
10.5 23.1 31.11 34.05 31.15 31.18 34.94 34.41 38.68 38.58 39.28 39.22 40.10 37.99 40.14 38.53 40.05 39.63 48.27 48.15 50.14 48.59 50.30 48.95 50.51
11.0 24.2 31.62 34.61 31.67 31.70 35.52 34.99 39.30 39.20 39.90 39.84 40.75 38.58 40.77 39.14 40.68 40.25 49.02 48.89 50.90 49.31 51.06 49.69 51.26
11.5 25.3 32.14 35.17 32.19 32.22 36.09 35.55 39.92 39.82 40.53 40.45 41.37 39.19 41.42 39.75 41.31 40.87 49.74 49.62 51.65 50.00 51.82 50.44 52.03
12.0 26.4 32.64 35.72 32.70 32.72 36.67 36.12 40.54 40.44 41.13 41.07 42.01 39.79 42.05 40.37 41.95 41.48 50.48 50.35 52.42 50.72 52.58 51.17 52.79
12.5 27.5 33.16 36.27 33.21 33.23 37.24 36.67 41.14 41.06 41.75 41.67 42.63 40.39 42.68 40.97 42.56 42.10 51.21 51.08 53.15 51.41 53.34 51.91 53.55
13.0 28.6 33.67 36.80 33.71 33.76 37.81 37.23 41.76 41.66 42.37 42.29 43.25 40.98 43.31 41.56 43.18 42.69 51.94 51.81 53.90 52.10 54.09 52.65 54.31
13.5 29.7 34.18 37.34 34.23 34.26 38.38 37.78 42.39 42.27 42.97 42.90 43.87 41.56 43.92 42.16 43.82 43.30 52.67 52.52 54.66 52.79 54.83 53.37 55.06
14.0 30.8 34.67 37.88 34.72 34.75 38.94 38.33 42.98 42.88 43.59 43.50 44.49 42.15 44.55 42.76 44.43 43.90 53.38 53.25 55.38 53.48 55.58 54.11 55.81
14.5 31.9 35.18 38.43 35.22 35.25 39.51 38.89 43.59 43.47 44.18 44.11 45.09 42.73 45.16 43.35 45.04 44.49 54.10 53.96 56.13 54.16 56.32 54.81 56.54
15.0 33.0 35.67 38.96 35.73 35.76 40.06 39.44 44.18 44.08 44.79 44.71 45.70 43.32 45.79 43.94 45.65 45.10 54.80 54.68 56.85 54.84 57.06 55.54 57.28
15.5 34.1 36.16 39.51 36.21 36.26 40.62 39.99 44.79 44.68 45.37 45.30 46.31 43.90 46.40 44.54 46.25 45.69 55.51 55.37 57.58 55.51 57.79 56.24 58.02
16.0 35.2 36.66 40.02 36.72 36.74 41.17 40.52 45.37 45.27 45.97 45.90 46.90 44.47 47.01 45.12 46.86 46.28 56.21 56.08 58.30 56.19 58.52 56.95 58.75
16.5 36.3 37.15 40.55 37.21 37.24 41.73 41.06 45.97 45.87 46.55 46.49 47.51 45.05 47.62 45.70 47.45 46.86 56.92 56.77 59.02 56.86 59.25 57.67 59.48
17.0 37.4 37.63 41.08 37.70 37.73 42.27 41.60 46.55 46.46 47.15 47.07 48.11 45.61 48.21 46.30 48.05 47.45 57.62 57.47 59.74 57.53 59.98 58.37 60.21
17.5 38.5 38.11 41.60 38.17 38.20 42.80 42.13 47.15 47.04 47.74 47.65 48.71 46.18 48.81 46.86 48.64 48.04 58.31 58.17 60.45 58.18 60.69 59.08 60.94
18.0 39.6 38.61 42.11 38.66 38.70 43.35 42.66 47.73 47.62 48.32 48.23 49.31 46.75 49.41 47.43 49.24 48.61 59.01 58.86 61.16 58.85 61.40 59.77 61.65
18.5 40.7 39.09 42.64 39.13 39.18 43.88 43.20 48.31 48.20 48.90 48.81 49.90 47.31 50.00 48.01 49.83 49.19 59.69 59.54 61.87 59.50 62.13 60.48 62.37
19.0 41.8 39.56 43.15 39.61 39.67 44.42 43.72 48.89 48.78 49.47 49.39 50.47 47.87 50.60 48.57 50.41 49.76 60.37 60.23 62.57 60.16 62.83 61.15 63.07
19.5 42.9 40.04 43.66 40.10 40.13 44.96 44.25 49.46 49.34 50.05 49.96 51.05 48.42 51.18 49.14 50.99 50.32 61.06 60.90 63.27 60.81 63.54 61.83 63.79
20.0 44.0 40.50 44.16 40.57 40.61 45.49 44.78 50.03 49.92 50.61 50.54 51.64 48.98 51.77 49.71 51.57 50.88 61.73 61.59 63.96 61.46 64.24 62.53 64.48
20.5 45.1 40.91 44.61 40.97 41.01 45.97 45.23 50.55 50.42 51.12 51.05 52.16 49.48 52.29 50.22 52.09 51.40 62.32 62.17 64.58 62.02 64.85 63.12 65.11
21.0 46.2 41.31 45.04 41.37 41.42 46.45 45.70 51.06 50.93 51.64 51.54 52.67 49.97 52.82 50.72 52.62 51.91 62.89 62.76 65.19 62.57 65.46 63.72 65.72
21.5 47.3 41.72 45.49 41.78 41.83 46.92 46.16 51.56 51.45 52.15 52.05 53.19 50.47 53.34 51.22 53.14 52.42 63.48 63.33 65.79 63.13 66.07 64.30 66.33
22.0 48.4 42.11 45.92 42.18 42.21 47.38 46.61 52.07 51.96 52.65 52.56 53.71 50.95 53.85 51.71 53.65 52.92 64.06 63.92 66.40 63.69 66.69 64.90 66.93
22.5 49.5 42.51 46.81 42.98 43.03 48.32 47.52 53.09 52.95 53.67 53.57 54.73 51.93 54.89 52.71 54.67 53.92 65.27 65.11 67.64 64.84 67.92 66.12 68.19
23.0 50.6 42.91 47.70 43.38 43.43 49.25 48.43 53.59 53.46 54.17 54.07 54.98 52.43 55.13 53.21 55.19 54.42 65.84 65.69 67.92 65.40 68.21 66.71 68.48
23.5 51.7 43.29 48.14 43.77 43.82 49.72 48.89 54.09 53.96 54.66 54.56 55.48 52.91 55.65 53.69 55.69 54.93 66.41 66.25 68.52 65.94 68.80 67.29 69.07
24.0 52.8 43.69 48.57 44.16 44.22 50.20 49.34 54.59 54.47 55.17 55.06 56.00 53.38 56.15 54.19 56.21 55.41 66.98 66.81 69.11 66.49 69.39 67.87 69.67
24.5 53.9 44.07 49.00 44.57 44.60 50.66 49.80 55.09 54.95 55.66 55.56 56.50 53.87 56.65 54.69 56.71 55.91 67.55 67.38 69.70 67.03 69.98 68.44 70.26
25.0 55.0 44.45 49.44 44.95 45.00 51.11 50.24 55.58 55.45 56.15 56.05 56.99 54.35 57.16 55.16 57.20 56.40 68.12 67.95 70.29 67.57 70.58 69.02 70.85
25.5 56.1 44.85 49.87 45.33 45.38 51.59 50.70 56.07 55.94 56.64 56.55 57.49 54.81 57.67 55.65 57.71 56.89 68.69 68.51 70.86 68.12 71.16 69.59 71.43
26.0 57.2 45.22 50.28 45.73 45.76 52.03 51.13 56.56 56.42 57.13 57.02 57.98 55.30 58.15 56.13 58.19 57.37 69.24 69.08 71.44 68.65 71.74 70.16 72.02
26.5 58.3 45.60 50.71 46.10 46.16 52.50 51.59 57.04 56.91 57.60 57.51 58.47 55.77 58.65 56.60 58.70 57.86 69.80 69.62 72.03 69.17 72.32 70.73 72.61
27.0 59.4 45.99 51.14 46.48 46.53 52.94 52.01 57.53 57.40 58.11 57.99 58.95 56.22 59.14 57.09 59.19 58.33 70.35 70.18 72.61 69.70 72.89 71.29 73.17
27.5 60.5 46.36 51.56 46.87 46.91 53.39 52.47 58.01 57.88 58.57 58.46 59.44 56.70 59.63 57.56 59.67 58.81 70.90 70.73 73.18 70.22 73.46 71.84 73.76
28.0 61.6 46.72 51.97 47.24 47.29 53.86 52.89 58.48 58.35 59.06 58.94 59.92 57.16 60.11 58.02 60.16 59.28 71.43 71.28 73.75 70.75 74.03 72.40 74.32
28.5 62.7 47.09 52.38 47.62 47.67 54.29 53.33 58.96 58.83 59.52 59.42 60.41 57.61 60.61 58.51 60.64 59.75 71.98 71.82 74.32 71.26 74.60 72.96 74.89
29.0 63.8 47.47 52.79 48.00 48.04 54.74 53.75 59.44 59.29 60.00 59.89 60.88 58.07 61.07 58.95 61.12 60.22 72.52 72.37 74.87 71.79 75.14 73.50 75.44
29.5 64.9 47.83 53.20 48.36 48.42 55.17 54.19 59.90 59.77 60.46 60.36 61.35 58.53 61.56 59.42 61.59 60.68 73.05 72.90 75.43 72.29 75.70 74.04 76.01
30.0 66.0 48.19 53.62 48.74 48.78 55.62 54.61 60.38 60.23 60.94 60.82 61.83 58.98 62.04 59.89 62.07 61.14 73.59 73.42 75.99 72.79 76.26 74.59 76.57