0.75 1.7 9.74 9.87 9.75 9.83 10.49 10.85 11.44 11.42 11.83 11.77 11.84 11.85 11.91 11.62 12.01 11.83 13.34 13.28 13.84 13.46 13.83 13.42 13.44
1.0 2.2 10.35 10.63 10.38 10.46 10.98 11.61 11.97 11.94 12.31 12.25 12.46 12.38 12.68 11.98 12.52 12.31 14.60 14.55 15.15 14.75 15.13 14.80 14.92
1.5 3.3 11.00 11.33 11.02 11.12 11.50 12.39 12.67 12.66 13.13 13.08 13.31 13.22 13.64 12.77 13.36 13.16 15.48 15.43 16.10 15.57 16.03 15.69 15.84
2.0 4.4 11.12 11.69 11.14 11.25 11.70 12.63 13.23 13.20 13.66 13.62 13.85 13.75 14.13 13.33 13.90 13.63 16.15 16.08 16.78 16.35 16.81 16.37 16.56
2.5 5.5 11.36 12.13 11.38 11.50 12.32 13.11 13.72 13.70 14.15 14.10 14.33 14.23 14.71 13.80 14.39 14.12 17.00 16.91 17.57 17.00 17.47 17.19 17.36
3.0 6.6 11.78 12.56 11.81 11.92 12.79 13.55 14.22 14.19 14.63 14.57 14.82 14.71 15.24 14.28 14.88 14.60 17.59 17.53 18.20 17.60 18.09 17.81 17.98
3.5 7.7 12.20 12.99 12.23 12.35 13.21 13.96 14.70 14.69 15.12 15.07 15.32 15.21 15.76 14.74 15.38 15.08 18.19 18.13 18.92 18.20 18.73 18.41 18.60
4.0 8.8 12.64 13.43 12.65 12.76 13.64 14.41 15.18 15.16 15.61 15.55 15.79 15.70 16.29 15.22 15.87 15.56 18.78 18.72 19.55 18.81 19.34 19.02 19.20
4.5 9.9 13.04 13.84 13.07 13.19 14.04 14.83 15.66 15.65 16.09 16.03 16.30 16.21 16.81 15.68 16.35 16.03 19.38 19.30 20.18 19.41 19.96 19.62 19.82
5.0 11.0 13.46 14.27 13.49 13.61 14.47 15.25 16.14 16.11 16.57 16.51 16.78 16.72 17.35 16.16 16.83 16.49 19.96 19.89 20.80 20.01 20.57 20.21 20.43
5.5 12.1 13.87 14.68 13.91 14.03 14.88 15.66 16.52 16.50 16.96 16.89 17.16 17.20 17.83 16.63 17.31 16.96 20.52 20.46 21.41 20.59 21.16 20.81 21.03
6.0 13.2 14.28 15.11 14.32 14.45 15.30 16.08 16.99 16.96 17.41 17.35 17.62 17.67 18.32 17.07 17.78 17.41 21.08 21.01 22.01 21.16 21.76 21.38 21.62
6.5 14.3 14.70 15.53 14.72 14.86 15.69 16.48 17.44 17.41 17.88 17.81 18.10 18.15 18.83 17.53 18.25 17.87 21.65 21.58 22.62 21.75 22.35 21.95 22.23
7.0 15.4 15.10 15.94 15.13 15.28 16.10 16.90 17.90 17.87 18.32 18.26 18.55 18.63 19.30 17.96 18.71 18.34 22.22 22.13 23.22 22.32 22.94 22.53 22.82
7.5 16.5 15.51 16.37 15.55 15.68 16.51 17.30 18.35 18.32 18.78 18.72 19.01 19.08 19.79 18.42 19.17 18.78 22.77 22.69 23.82 22.88 23.53 23.10 23.40
8.0 17.6 15.91 16.78 15.95 16.09 16.91 17.68 18.80 18.78 19.24 19.15 19.46 19.56 20.28 18.86 19.65 19.24 23.32 23.24 24.42 23.46 24.10 23.66 23.99
8.5 18.7 16.32 17.18 16.35 16.50 17.33 18.10 19.26 19.22 19.69 19.61 19.93 20.02 20.76 19.31 20.09 19.66 23.87 23.79 25.01 24.02 24.69 24.24 24.57
9.0 19.8 16.71 17.59 16.75 16.92 17.72 18.49 19.71 19.68 20.15 20.05 20.37 20.49 21.23 19.76 20.56 20.12 24.42 24.33 25.60 24.59 25.27 24.80 25.29
9.5 20.9 17.11 18.00 17.15 17.32 18.12 18.90 20.15 20.13 20.58 20.50 20.83 20.95 21.72 20.18 21.00 20.56 24.97 24.87 26.20 25.15 25.84 25.36 25.87
10.0 22.0 17.51 18.41 17.56 17.70 18.51 19.29 20.59 20.57 21.03 20.94 21.28 21.40 22.19 20.63 21.46 21.01 25.50 25.42 26.79 25.71 26.42 25.91 26.44
10.5 23.1 17.89 18.80 17.93 18.10 18.91 19.68 21.05 21.00 21.46 21.39 21.72 21.86 22.67 21.05 21.91 21.44 26.03 25.94 27.36 26.26 26.98 26.47 27.01
11.0 24.2 18.26 19.19 18.31 18.49 19.33 20.08 21.46 21.44 21.91 21.82 22.16 22.31 23.14 21.50 22.37 21.87 26.55 26.48 27.93 26.80 27.55 27.01 27.55
11.5 25.3 18.65 19.58 18.71 18.87 19.73 20.45 21.91 21.88 22.34 22.25 22.61 22.78 23.60 21.92 22.80 22.31 27.08 27.00 28.50 27.34 28.09 27.55 28.11
12.0 26.4 19.03 19.97 19.07 19.26 20.12 20.85 22.35 22.32 22.78 22.69 23.05 23.23 24.08 22.35 23.26 22.76 27.60 27.53 29.06 27.87 28.66 28.07 28.65
12.5 27.5 19.40 20.36 19.45 19.64 20.53 21.24 22.78 22.76 23.22 23.13 23.48 23.67 24.54 22.78 23.70 23.17 28.13 28.03 29.63 28.42 29.20 28.61 29.21
13.0 28.6 19.79 20.74 19.83 20.02 20.93 21.61 23.21 23.19 23.66 23.54 23.92 24.11 25.00 23.19 24.13 23.61 28.64 28.56 30.18 28.94 29.75 29.13 29.75
13.5 29.7 20.16 21.11 20.20 20.40 21.33 22.00 23.65 23.61 24.08 23.98 24.35 24.56 25.46 23.63 24.58 24.03 29.15 29.06 30.73 29.47 30.30 29.67 30.28
14.0 30.8 20.53 21.51 20.58 20.77 21.71 22.38 24.07 24.04 24.52 24.40 24.79 25.01 25.92 24.04 25.01 24.47 29.67 29.58 31.28 29.98 30.83 30.20 30.83
14.5 31.9 20.89 21.87 20.94 21.15 22.10 22.77 24.51 24.46 24.93 24.84 25.22 25.44 26.38 24.48 25.45 24.87 30.16 30.09 31.84 30.51 31.38 30.73 31.36
15.0 33.0 21.27 22.25 21.32 21.51 22.50 23.13 24.92 24.88 25.36 25.26 25.64 25.88 26.84 24.88 25.88 25.31 30.68 30.59 32.39 31.03 31.91 31.24 31.91
15.5 34.1 21.63 22.64 21.68 21.89 22.89 23.52 25.35 25.31 25.78 25.69 26.07 26.31 27.29 25.31 26.31 25.72 31.17 31.10 32.94 31.54 32.45 31.76 32.43
16.0 35.2 22.00 22.99 22.05 22.25 23.27 23.89 25.76 25.73 26.21 26.08 26.50 26.76 27.73 25.71 26.73 26.14 31.69 31.61 33.48 32.06 32.99 32.28 32.96
16.5 36.3 22.37 23.37 22.42 22.61 23.66 24.26 26.19 26.15 26.63 26.51 26.91 27.18 28.18 26.13 27.15 26.55 32.19 32.10 34.02 32.58 33.51 32.80 33.50
17.0 37.4 22.73 23.75 22.78 22.99 24.04 24.62 26.61 26.56 27.04 26.92 27.34 27.61 28.63 26.53 27.58 26.98 32.69 32.59 34.56 33.09 34.05 33.30 34.01
17.5 38.5 23.08 24.11 23.13 23.35 24.42 25.01 27.00 26.96 27.45 27.35 27.77 28.03 29.06 26.95 28.00 27.37 33.17 33.09 35.10 33.60 34.57 33.81 34.53
18.0 39.6 23.45 24.47 23.49 23.71 24.80 25.36 27.43 27.39 27.85 27.76 28.17 28.47 29.53 27.35 28.43 27.78 33.66 33.58 35.62 34.10 35.10 34.32 35.05
18.5 40.7 23.81 24.82 23.86 24.08 25.18 25.73 27.83 27.79 28.28 28.15 28.59 28.89 29.96 27.75 28.84 28.20 34.16 34.08 36.15 34.60 35.61 34.82 35.57
19.0 41.8 24.14 25.20 24.20 24.42 25.55 26.08 28.25 28.20 28.69 28.56 29.00 29.31 30.39 28.15 29.26 28.59 34.65 34.55 36.67 35.12 36.14 35.33 36.08
19.5 42.9 24.50 25.56 24.56 24.79 25.91 26.46 28.64 28.61 29.08 28.97 29.42 29.73 30.82 28.55 29.67 29.00 35.13 35.04 37.20 35.62 36.66 35.81 36.59
20.0 44.0 24.85 25.92 24.90 25.14 26.30 26.81 29.06 29.00 29.49 29.37 29.82 30.16 31.26 28.95 30.09 29.39 35.61 35.53 37.73 36.09 37.16 36.32 37.11
20.5 45.1 25.19 26.23 25.25 25.49 26.59 27.12 29.31 29.27 29.76 29.65 30.10 30.50 31.63 29.21 30.38 29.68 36.02 35.92 38.15 36.52 37.59 36.73 37.52
21.0 46.2 25.53 26.54 25.57 25.81 26.88 27.43 29.58 29.54 30.03 29.90 30.37 30.84 31.97 29.47 30.66 29.97 36.42 36.33 38.59 36.92 38.01 37.15 37.95
21.5 47.3 25.86 26.84 25.93 26.16 27.17 27.74 29.85 29.80 30.31 30.18 30.66 31.19 32.33 29.73 30.92 30.25 36.81 36.72 39.01 37.32 38.44 37.55 38.37
22.0 48.4 26.20 27.28 26.25 26.50 27.45 28.05 30.11 30.06 30.57 30.44 30.93 31.52 32.69 29.98 31.20 30.53 37.22 37.12 39.44 37.73 38.84 37.96 38.79
22.5 49.5 26.78 27.85 26.84 27.09 28.01 28.62 30.66 30.61 31.13 31.01 31.49 32.18 33.36 30.53 31.77 31.11 37.97 37.88 40.24 38.50 39.64 38.72 39.57
23.0 50.6 27.11 28.16 27.17 27.42 28.30 28.93 30.92 30.87 31.40 31.27 31.77 32.52 33.71 30.79 32.04 31.38 38.37 38.28 40.66 38.91 40.05 39.13 39.97
23.5 51.7 27.44 28.49 27.50 27.76 28.58 29.24 31.19 31.13 31.65 31.53 32.05 32.86 34.07 31.04 32.33 31.67 38.76 38.67 41.09 39.31 40.46 39.53 40.40
24.0 52.8 27.76 28.78 27.83 28.08 28.86 29.55 31.44 31.40 31.92 31.80 32.31 33.20 34.42 31.30 32.60 31.95 39.16 39.05 41.51 39.71 40.88 39.94 40.80
24.5 53.9 28.09 29.08 28.15 28.42 29.14 29.86 31.70 31.64 32.19 32.07 32.59 33.53 34.77 31.55 32.86 32.22 39.55 39.45 41.93 40.11 41.29 40.34 41.21
25.0 55.0 28.42 29.39 28.50 28.76 29.43 30.15 31.93 31.89 32.45 32.33 32.86 33.86 35.11 31.80 33.14 32.50 39.93 39.84 42.34 40.51 41.70 40.74 41.63
25.5 56.1 28.74 29.69 28.81 29.08 29.70 30.44 32.19 32.15 32.72 32.59 33.12 34.19 35.46 32.05 33.40 32.77 40.32 40.22 42.75 40.90 42.10 41.13 42.02
26.0 57.2 29.07 29.98 29.14 29.40 29.97 30.75 32.44 32.40 32.97 32.84 33.38 34.54 35.81 32.31 33.68 33.04 40.71 40.60 43.16 41.30 42.50 41.52 42.42
26.5 58.3 29.40 30.29 29.46 29.73 30.24 31.04 32.69 32.65 33.23 33.10 33.65 34.86 36.14 32.54 33.94 33.31 41.09 40.99 43.58 41.68 42.91 41.91 42.82
27.0 59.4 29.70 30.57 29.76 30.06 30.52 31.34 32.95 32.91 33.49 33.35 33.92 35.19 36.47 32.79 34.20 33.57 41.47 41.37 43.97 42.07 43.32 42.30 43.22
27.5 60.5 30.03 30.87 30.09 30.37 30.79 31.62 33.20 33.15 33.74 33.60 34.17 35.52 36.82 33.02 34.47 33.84 41.83 41.74 44.38 42.46 43.70 42.70 43.61
28.0 61.6 30.34 31.16 30.41 30.69 31.07 31.92 33.45 33.39 33.98 33.85 34.44 35.84 37.16 33.27 34.72 34.11 42.22 42.11 44.78 42.84 44.10 43.08 44.00
28.5 62.7 30.65 31.46 30.72 31.01 31.34 32.20 33.69 33.63 34.23 34.12 34.70 36.16 37.48 33.52 34.97 34.38 42.59 42.49 45.16 43.21 44.50 43.45 44.39
29.0 63.8 30.96 31.74 31.03 31.31 31.60 32.50 33.93 33.89 34.49 34.36 34.95 36.47 37.82 33.76 35.23 34.64 42.95 42.86 45.58 43.61 44.87 43.85 44.79
29.5 64.9 31.27 32.03 31.33 31.64 31.88 32.78 34.18 34.13 34.73 34.61 35.21 36.80 38.15 34.00 35.49 34.91 43.34 43.22 45.97 43.97 45.27 44.22 45.17
30.0 66.0 31.58 32.31 31.65 31.95 32.14 33.06 34.42 34.37 34.98 34.85 35.45 37.13 38.48 34.24 35.74 35.17 43.70 43.60 46.35 44.34 45.66 44.58 45.56