0.75 1.7 13.45 13.19 13.25 13.32 13.40 14.14 14.27 15.87 16.04 16.35 16.50 15.28 15.13 15.16 15.13 16.33 16.16 18.33 14.05 18.37 14.34 16.82
1.0 2.2 14.82 14.60 14.68 14.75 14.82 15.21 15.36 18.50 18.67 19.06 19.24 16.39 16.24 16.28 16.24 17.58 17.42 20.63 15.12 20.57 15.85 17.60
1.5 3.3 15.73 15.52 15.58 15.65 15.73 16.57 16.73 19.19 19.36 19.78 19.96 17.79 17.62 17.66 17.62 19.15 18.96 22.64 16.41 22.59 17.19 20.19
2.0 4.4 16.49 16.35 16.42 16.49 16.57 17.39 17.56 20.07 20.26 20.67 20.87 18.74 18.55 18.61 18.55 20.18 19.99 23.75 17.28 24.26 20.01 23.51
2.5 5.5 17.26 17.09 17.18 17.26 17.34 17.94 18.12 21.22 21.41 21.85 22.06 19.29 19.11 19.15 19.10 21.02 20.82 24.90 17.80 25.44 22.91 26.93
3.0 6.6 17.87 17.69 17.80 17.87 17.95 18.62 18.78 21.92 22.13 22.57 22.79 20.14 19.94 19.99 19.94 21.89 21.68 25.91 18.58 26.51 27.67 29.54
3.5 7.7 18.49 18.33 18.40 18.49 18.58 19.27 19.44 22.62 22.84 23.28 23.51 20.99 20.78 20.83 20.78 22.77 22.54 26.94 19.36 27.56 29.89 32.15
4.0 8.8 19.10 18.93 19.02 19.10 19.20 19.91 20.11 23.33 23.55 24.00 24.23 21.83 21.61 21.66 21.61 23.63 23.40 27.96 20.14 28.61 32.12 34.74
4.5 9.9 19.71 19.54 19.62 19.71 19.82 20.57 20.76 24.03 24.26 24.72 24.95 22.66 22.43 22.49 22.43 24.50 24.26 28.96 20.91 29.66 34.32 37.34
5.0 11.0 20.34 20.13 20.23 20.34 20.42 21.22 21.41 24.74 24.97 25.41 25.66 23.48 23.26 23.32 23.26 25.36 25.11 29.97 21.66 30.71 36.52 39.93
5.5 12.1 20.93 20.74 20.84 20.93 21.03 21.84 22.04 25.40 25.64 26.12 26.35 24.26 24.03 24.10 24.03 26.21 25.95 30.91 22.38 31.70 39.38 45.31
6.0 13.2 21.54 21.33 21.43 21.54 21.64 22.46 22.67 26.06 26.31 26.80 27.06 25.04 24.81 24.86 24.81 27.05 26.78 31.87 23.10 32.68 41.53 47.91
6.5 14.3 22.14 21.93 22.03 22.14 22.25 23.07 23.29 26.74 27.00 27.48 27.75 25.83 25.58 25.63 25.58 27.88 27.61 32.81 23.83 33.68 43.66 50.51
7.0 15.4 22.74 22.53 22.62 22.74 22.85 23.68 23.91 27.39 27.67 28.18 28.45 26.59 26.33 26.40 26.33 28.72 28.44 33.76 24.54 34.65 45.79 53.10
7.5 16.5 23.34 23.11 23.23 23.34 23.45 24.29 24.53 28.06 28.33 28.85 29.12 27.36 27.10 27.16 27.09 29.54 29.27 34.70 25.25 35.64 47.91 55.68
8.0 17.6 23.93 23.70 23.82 23.93 24.04 24.89 25.14 28.72 29.00 29.53 29.81 28.13 27.86 27.93 27.86 30.37 30.07 35.63 25.96 36.60 50.02 58.26
8.5 18.7 24.52 24.28 24.40 24.52 24.63 25.50 25.75 29.36 29.66 30.21 30.50 28.88 28.60 28.68 28.61 31.20 30.90 36.55 26.65 37.56 52.14 60.82
9.0 19.8 25.10 24.86 25.00 25.10 25.22 26.12 26.35 30.02 30.31 30.88 31.18 29.64 29.36 29.43 29.36 32.02 31.71 37.48 27.35 38.53 54.24 63.38
9.5 20.9 25.70 25.45 25.58 25.70 25.81 26.72 26.98 30.67 30.96 31.54 31.84 30.40 30.10 30.18 30.10 32.83 32.52 38.41 28.05 39.48 56.34 65.93
10.0 22.0 26.27 26.02 26.15 26.27 26.40 27.31 27.58 31.31 31.61 32.21 32.53 31.15 30.85 30.92 30.85 33.65 33.31 39.31 28.74 40.44 58.43 68.46
10.5 23.1 26.84 26.58 26.73 26.84 26.98 27.90 28.18 31.95 32.27 32.88 33.19 31.90 31.59 31.67 31.59 34.44 34.12 40.23 29.43 41.39 60.51 71.00
11.0 24.2 27.40 27.14 27.29 27.40 27.55 28.50 28.77 32.59 32.91 33.53 33.85 32.64 32.33 32.41 32.32 35.25 34.91 41.15 30.12 42.34 62.59 73.52
11.5 25.3 27.97 27.71 27.85 27.97 28.11 29.08 29.36 33.23 33.54 34.20 34.53 33.39 33.06 33.15 33.06 36.05 35.71 42.04 30.80 43.27 64.66 76.04
12.0 26.4 28.53 28.26 28.40 28.53 28.67 29.67 29.96 33.85 34.20 34.85 35.18 34.12 33.79 33.87 33.79 36.86 36.50 42.95 31.48 44.20 66.72 78.56
12.5 27.5 29.09 28.81 28.96 29.09 29.23 30.25 30.54 34.50 34.83 35.49 35.83 34.85 34.51 34.60 34.52 37.66 37.28 43.84 32.15 45.15 68.78 81.04
13.0 28.6 29.64 29.36 29.51 29.64 29.79 30.84 31.13 35.13 35.46 36.15 36.50 35.58 35.23 35.33 35.24 38.44 38.06 44.74 32.83 46.08 70.82 83.53
13.5 29.7 30.21 29.92 30.06 30.21 30.34 31.42 31.72 35.75 36.08 36.79 37.15 36.31 35.96 36.05 35.97 39.23 38.85 45.63 33.50 46.99 72.86 86.03
14.0 30.8 30.76 30.47 30.61 30.76 30.91 31.99 32.30 36.37 36.72 37.43 37.78 37.03 36.68 36.78 36.67 40.00 39.62 46.51 34.17 47.92 74.89 88.49
14.5 31.9 31.30 31.01 31.16 31.30 31.46 32.56 32.88 36.99 37.36 38.06 38.44 37.76 37.40 37.48 37.40 40.78 40.40 47.39 34.84 48.83 76.92 90.97
15.0 33.0 31.84 31.54 32.00 31.84 32.00 33.14 33.45 37.61 37.97 38.71 39.09 38.46 38.11 38.19 38.11 41.57 41.16 48.27 35.49 49.75 78.95 93.42
15.5 34.1 32.39 32.08 32.54 32.39 32.55 33.70 34.02 38.22 38.59 39.34 39.71 39.19 38.81 38.91 38.81 42.34 41.92 49.13 36.16 50.66 80.96 95.87
16.0 35.2 32.93 32.61 33.09 32.93 33.09 34.27 34.59 38.82 39.20 39.97 40.36 39.89 39.51 39.61 39.51 43.11 42.68 50.00 36.80 51.56 82.96 98.32
16.5 36.3 33.47 33.16 33.63 33.47 33.63 34.83 35.16 39.43 39.81 40.60 40.98 40.61 40.20 40.31 40.22 43.87 43.45 50.86 37.46 52.45 84.97 100.75
17.0 37.4 34.00 33.69 34.16 34.00 34.17 35.39 35.72 40.03 40.42 41.22 41.61 41.30 40.91 41.01 40.92 44.63 44.19 51.71 38.11 53.35 86.96 103.19
17.5 38.5 34.54 34.22 34.69 34.54 34.69 35.95 36.28 40.64 41.02 41.84 42.24 42.01 41.60 41.70 41.60 45.39 44.94 52.58 38.76 54.24 88.95 105.59
18.0 39.6 35.07 34.72 35.23 35.07 35.23 36.50 36.85 41.24 41.63 42.45 42.87 42.70 42.31 42.40 42.31 46.14 45.70 53.42 39.40 55.13 90.93 108.02
18.5 40.7 35.59 35.25 35.77 35.59 35.76 37.05 37.41 41.84 42.22 43.07 43.48 43.40 42.97 43.09 42.98 46.89 46.43 54.28 40.03 56.01 92.91 110.41
19.0 41.8 36.12 35.77 36.29 36.12 36.29 37.60 37.96 42.42 42.83 43.69 44.10 44.09 43.66 43.77 43.66 47.64 47.18 55.13 40.67 56.88 94.88 112.81
19.5 42.9 36.64 36.29 36.81 36.64 36.81 38.14 38.51 43.01 43.43 44.30 44.71 44.77 44.35 44.44 44.35 48.38 47.91 55.97 41.32 57.75 96.84 115.18
20.0 44.0 37.16 36.81 37.34 37.16 37.35 38.69 39.05 43.60 44.02 44.90 45.32 45.46 45.02 45.13 45.01 49.11 48.64 56.80 41.95 58.62 98.80 117.55
20.5 45.1 37.57 37.22 37.76 37.57 37.75 39.12 39.48 44.11 44.55 45.42 45.85 46.04 45.59 45.70 45.59 49.73 49.27 57.54 42.47 59.38 102.24 120.93
21.0 46.2 37.99 37.64 38.17 37.99 38.18 39.54 39.92 44.62 45.04 45.92 46.37 46.60 46.15 46.28 46.15 50.35 49.87 58.28 42.99 60.13 105.66 124.29
21.5 47.3 38.41 38.04 38.60 38.41 38.60 39.97 40.36 45.13 45.55 46.43 46.88 47.17 46.70 46.82 46.70 50.97 50.47 59.01 43.51 60.88 109.10 127.63
22.0 48.4 38.82 38.45 39.01 38.82 39.00 40.40 40.78 45.61 46.06 46.94 47.39 47.73 47.28 47.38 47.27 51.58 51.07 59.75 44.04 61.63 112.50 130.95
22.5 49.5 39.62 39.23 39.61 39.62 39.80 41.22 41.62 46.55 47.01 47.91 48.36 48.76 48.29 48.62 48.28 52.67 52.16 61.07 44.99 62.97 115.90 134.94
23.0 50.6 40.03 39.64 40.02 40.03 40.22 41.64 42.04 47.06 47.51 48.41 48.88 49.31 48.84 49.19 48.83 53.28 52.76 61.78 45.49 63.72 119.28 138.27
23.5 51.7 40.44 40.05 40.43 40.44 40.63 42.07 42.47 47.55 48.00 48.92 49.38 49.86 49.39 49.75 49.39 53.88 53.36 62.52 46.01 64.46 122.66 141.58
24.0 52.8 40.84 40.46 40.84 40.84 41.04 42.49 42.89 48.06 48.51 49.41 49.89 50.42 49.96 50.30 49.95 54.48 53.97 63.24 46.53 65.19 126.03 144.88
24.5 53.9 41.25 40.85 41.24 41.25 41.44 42.90 43.32 48.54 49.00 49.91 50.39 50.99 50.51 50.85 50.49 55.09 54.56 63.96 47.04 65.93 129.37 148.17
25.0 55.0 41.65 41.25 41.65 41.65 41.86 43.32 43.73 49.02 49.51 50.41 50.91 51.54 51.03 51.40 51.03 55.69 55.15 64.68 47.55 66.67 132.70 151.44
25.5 56.1 42.04 41.65 42.06 42.04 42.25 43.73 44.16 49.52 49.99 50.91 51.40 52.08 51.58 51.96 51.58 56.28 55.75 65.40 48.06 67.39 136.03 154.71
26.0 57.2 42.46 42.04 42.45 42.46 42.65 44.15 44.56 49.99 50.47 51.40 51.88 52.63 52.12 52.50 52.12 56.87 56.32 66.10 48.56 68.11 139.36 157.97
26.5 58.3 42.85 42.45 42.85 42.85 43.06 44.55 44.99 50.47 50.97 51.88 52.39 53.17 52.65 53.04 52.66 57.45 56.89 66.81 49.05 68.81 142.67 161.21
27.0 59.4 43.24 42.83 43.24 43.24 43.44 44.97 45.39 50.96 51.45 52.38 52.88 53.70 53.19 53.57 53.20 58.03 57.47 67.51 49.54 69.54 145.95 164.46
27.5 60.5 43.64 43.21 43.63 43.64 43.85 45.37 45.80 51.44 51.92 52.86 53.36 54.24 53.74 54.11 53.74 58.62 58.04 68.20 50.05 70.24 149.23 167.68
28.0 61.6 44.02 43.61 44.03 44.02 44.24 45.76 46.21 51.91 52.40 53.33 53.85 54.78 54.25 54.64 54.25 59.19 58.62 68.90 50.55 70.96 152.52 170.89
28.5 62.7 44.42 43.98 44.42 44.42 44.62 46.17 46.60 52.38 52.88 53.82 54.34 55.31 54.78 55.18 54.77 59.76 59.19 69.60 51.03 71.65 155.77 174.09
29.0 63.8 44.79 44.36 44.80 44.79 45.02 46.56 47.02 52.85 53.35 54.29 54.81 55.84 55.30 55.68 55.29 60.33 59.74 70.27 51.52 72.37 159.02 177.29
29.5 64.9 45.17 44.75 45.19 45.17 45.39 46.96 47.41 53.30 53.82 54.76 55.28 56.37 55.82 56.21 55.82 60.90 60.31 70.97 52.00 73.05 162.25 180.46
30.0 66.0 45.57 45.13 45.57 45.57 45.77 47.36 47.81 53.78 54.29 55.23 55.77 56.87 56.33 56.73 56.33 61.47 60.87 71.64 52.48 73.75 165.47 183.62