0.75 1.7 14.94 14.78 14.86 14.94 15.01 17.07 17.23 20.20 20.41 20.57 20.76 17.10 16.94 16.98 16.94 19.12 18.94 23.10 15.90 23.12 17.39 20.47
1.0 2.2 20.68 20.47 20.65 20.68 20.77 24.13 24.37 29.73 30.03 30.94 31.24 22.91 22.68 22.74 22.68 26.92 26.66 33.72 21.31 34.24 19.35 20.84
1.5 3.3 24.47 24.23 24.43 24.47 24.58 28.66 28.94 37.23 37.58 38.72 39.10 30.05 29.76 29.83 29.76 33.59 33.25 41.34 27.95 41.96 21.43 24.20
2.0 4.4 29.30 29.02 29.27 29.30 29.44 33.02 33.35 40.70 41.11 42.34 42.77 33.72 33.38 33.48 33.39 40.06 39.67 49.61 31.36 49.43 24.96 28.09
2.5 5.5 32.03 31.73 31.85 32.03 32.19 34.81 35.15 45.39 45.84 47.22 47.68 39.26 38.86 38.96 38.87 43.58 43.14 54.34 36.51 54.21 28.55 32.06
3.0 6.6 33.65 33.33 33.46 33.65 33.82 36.63 36.99 47.46 47.93 49.39 49.87 42.19 41.77 41.87 41.77 46.89 46.42 58.25 39.23 58.21 34.25 35.23
3.5 7.7 35.26 34.93 35.05 35.26 35.42 38.43 38.82 49.53 50.02 51.57 52.08 45.09 44.64 44.77 44.65 50.20 49.71 62.15 41.93 62.20 37.37 38.40
4.0 8.8 36.86 36.49 36.65 36.86 37.04 40.23 40.62 51.58 52.09 53.74 54.28 48.00 47.53 47.65 47.53 53.49 52.96 66.05 44.64 66.17 40.50 41.54
4.5 9.9 38.45 38.08 38.24 38.45 38.65 42.02 42.43 53.63 54.16 55.90 56.45 50.89 50.39 50.52 50.40 56.78 56.21 69.91 47.32 70.11 43.63 44.71
5.0 11.0 40.04 39.66 39.81 40.04 40.24 43.79 44.22 55.67 56.22 58.04 58.62 53.77 53.25 53.37 53.25 60.03 59.43 73.76 50.01 74.05 46.06 47.98
5.5 12.1 41.56 41.16 41.32 41.56 41.76 45.51 45.97 57.61 58.19 60.08 60.68 56.56 56.02 56.15 56.02 63.14 62.52 77.47 52.60 77.84 49.44 54.00
6.0 13.2 43.07 42.65 42.81 43.07 43.27 47.25 47.71 59.56 60.15 62.12 62.72 59.35 58.77 58.93 58.79 66.23 65.58 81.16 55.20 81.62 52.39 57.18
6.5 14.3 44.57 44.14 44.31 44.57 44.79 48.95 49.43 61.46 62.09 64.13 64.76 62.13 61.54 61.68 61.54 69.32 68.64 84.82 57.78 85.38 55.29 60.34
7.0 15.4 46.06 45.62 45.79 46.06 46.29 50.67 51.17 63.39 64.03 66.15 66.79 64.88 64.27 64.43 64.27 72.38 71.68 88.47 60.34 89.13 58.22 63.47
7.5 16.5 47.55 47.09 47.28 47.55 47.78 52.36 52.88 65.30 65.95 68.14 68.82 67.64 66.99 67.14 66.99 75.45 74.69 92.12 62.91 92.85 61.12 66.61
8.0 17.6 49.03 48.56 48.75 49.03 49.27 54.06 54.59 67.21 67.87 70.12 70.82 70.37 69.71 69.86 69.71 78.48 77.71 95.74 65.45 96.58 64.01 69.73
8.5 18.7 50.51 50.02 50.21 50.51 50.74 55.74 56.27 69.10 69.78 72.11 72.83 73.12 72.39 72.58 72.40 81.51 80.71 99.35 67.99 100.26 66.89 72.85
9.0 19.8 51.99 51.47 51.68 51.99 52.22 57.40 57.97 70.97 71.68 74.09 74.83 75.82 75.08 75.28 75.10 84.53 83.69 102.95 70.52 103.94 69.77 75.97
9.5 20.9 53.44 52.92 53.13 53.44 53.70 59.08 59.65 72.85 73.58 76.07 76.80 78.53 77.77 77.96 77.78 87.52 86.65 106.51 73.04 107.61 72.65 79.06
10.0 22.0 54.89 54.36 54.58 54.89 55.17 60.74 61.34 74.73 75.46 78.03 78.78 81.23 80.44 80.64 80.44 90.52 89.62 110.08 75.54 111.25 76.71 82.84
10.5 23.1 56.30 55.74 55.96 56.30 56.56 62.31 62.93 76.51 77.29 79.88 80.67 83.78 82.98 83.18 82.97 93.41 92.49 113.46 77.92 114.76 81.53 85.95
11.0 24.2 57.67 57.11 57.34 57.67 57.95 63.89 64.51 78.33 79.09 81.73 82.54 86.33 85.49 85.70 85.49 96.28 95.32 116.84 80.29 118.23 84.52 89.06
11.5 25.3 59.06 58.48 58.71 59.06 59.34 65.45 66.09 80.11 80.91 83.58 84.40 88.86 88.00 88.22 88.00 99.15 98.16 120.20 82.63 121.68 87.49 92.15
12.0 26.4 60.43 59.84 60.08 60.43 60.72 67.01 67.67 81.89 82.70 85.42 86.25 91.39 90.50 90.73 90.50 101.99 100.98 123.55 84.99 125.13 90.45 95.24
12.5 27.5 61.80 61.18 61.45 61.80 62.10 68.55 69.21 83.66 84.50 87.24 88.08 93.89 92.99 93.22 92.99 104.82 103.78 126.88 87.32 128.55 93.40 98.30
13.0 28.6 63.15 62.54 62.78 63.15 63.46 70.08 70.78 85.43 86.27 89.07 89.94 96.39 95.47 95.70 95.47 107.65 106.58 130.20 89.64 131.97 96.35 101.38
13.5 29.7 64.51 63.89 64.13 64.51 64.82 71.63 72.32 87.17 88.04 90.87 91.77 98.89 97.92 98.16 97.93 110.46 109.37 133.49 91.96 135.37 99.27 104.44
14.0 30.8 65.87 65.22 65.47 65.87 66.18 73.15 73.87 88.92 89.81 92.68 93.58 101.36 100.37 100.63 100.38 113.25 112.13 136.77 94.27 138.74 102.21 107.51
14.5 31.9 67.21 66.56 66.82 67.21 67.52 74.67 75.41 90.67 91.56 94.45 95.38 103.83 102.82 103.07 102.82 116.04 114.89 140.04 96.56 142.11 104.08 110.53
15.0 33.0 68.54 67.87 68.13 68.54 68.87 76.18 76.93 92.39 93.30 96.26 97.19 106.28 105.26 105.52 105.26 118.83 117.64 143.30 98.85 145.47 104.58 111.22
15.5 34.1 69.86 69.19 69.46 69.86 70.22 77.68 78.45 94.12 95.04 98.03 98.98 108.73 107.66 107.93 107.68 121.58 120.37 146.56 101.12 148.80 107.37 114.17
16.0 35.2 71.19 70.51 70.78 71.19 71.54 79.19 79.96 95.83 96.78 99.80 100.77 111.16 110.07 110.34 110.08 124.33 123.08 149.77 103.38 152.13 110.16 117.11
16.5 36.3 72.52 71.80 72.09 72.52 72.86 80.68 81.47 97.54 98.50 101.55 102.55 113.57 112.49 112.76 112.49 127.07 125.80 152.98 105.63 155.43 112.93 120.05
17.0 37.4 73.83 73.10 73.39 73.83 74.18 82.16 82.97 99.23 100.22 103.30 104.31 115.99 114.86 115.14 114.87 129.78 128.50 156.17 107.87 158.72 115.69 122.95
17.5 38.5 75.12 74.40 74.69 75.12 75.49 83.64 84.45 100.93 101.92 105.05 106.09 118.39 117.24 117.53 117.25 132.49 131.17 159.35 110.10 161.99 118.44 125.88
18.0 39.6 76.42 75.69 75.99 76.42 76.79 85.11 85.94 102.61 103.63 106.78 107.83 120.77 119.60 119.89 119.60 135.19 133.86 162.51 112.32 165.25 121.20 128.76
18.5 40.7 77.72 76.96 77.27 77.72 78.09 86.57 87.41 104.28 105.31 108.50 109.58 123.15 121.95 122.25 121.95 137.86 136.50 165.66 114.52 168.48 123.94 131.68
19.0 41.8 79.00 78.23 78.55 79.00 79.38 88.02 88.88 105.94 107.00 110.23 111.30 125.52 124.29 124.60 124.31 140.54 139.15 168.80 116.73 171.71 126.65 134.54
19.5 42.9 80.28 79.51 79.82 80.28 80.68 89.46 90.35 107.60 108.68 111.94 113.03 127.86 126.63 126.93 126.64 143.20 141.77 171.92 118.91 174.92 129.37 137.42
20.0 44.0 81.56 80.76 81.08 81.56 81.95 90.92 91.81 109.25 110.33 113.65 114.76 130.22 128.94 129.26 128.95 145.84 144.39 175.03 121.11 178.13 132.09 140.28
20.5 45.1 82.64 81.84 82.17 82.64 83.04 92.10 93.00 110.61 111.71 115.08 116.21 132.22 130.93 131.27 130.94 148.10 146.64 177.68 122.97 180.88 132.48 144.13
21.0 46.2 83.72 82.92 83.23 83.72 84.13 93.28 94.20 111.98 113.09 116.51 117.65 134.23 132.93 133.25 132.94 150.36 148.86 180.35 124.84 183.65 136.02 147.97
21.5 47.3 84.80 83.97 84.31 84.80 85.21 94.46 95.41 113.34 114.46 117.94 119.08 136.24 134.90 135.24 134.91 152.60 151.08 182.98 126.70 186.37 139.55 151.79
22.0 48.4 85.88 85.04 85.37 85.88 86.28 95.64 96.59 114.67 115.81 119.34 120.51 138.23 136.88 137.21 136.89 154.83 153.29 185.60 128.55 189.09 143.07 155.60
22.5 49.5 87.75 86.90 87.26 87.75 88.19 97.74 98.69 117.13 118.29 121.90 123.10 141.53 140.16 140.50 140.17 158.56 156.97 190.03 131.62 193.63 147.50 161.04
23.0 50.6 88.83 87.96 88.32 88.83 89.26 98.92 99.88 118.48 119.66 123.32 124.52 143.52 142.13 142.48 142.15 160.77 159.19 192.66 133.48 196.34 151.03 164.84
23.5 51.7 89.90 89.02 89.37 89.90 90.32 100.08 101.05 119.81 121.01 124.73 125.95 145.50 144.09 144.44 144.10 162.99 161.38 195.26 135.32 199.05 154.53 168.62
24.0 52.8 90.95 90.06 90.42 90.95 91.39 101.24 102.22 121.14 122.36 126.13 127.36 147.47 146.03 146.39 146.04 165.20 163.56 197.86 137.14 201.73 158.02 172.42
24.5 53.9 92.00 91.11 91.47 92.00 92.44 102.38 103.39 122.47 123.68 127.53 128.77 149.42 147.97 148.34 147.99 167.40 165.74 200.44 138.97 204.42 161.51 176.18
25.0 55.0 93.04 92.14 92.50 93.04 93.50 103.53 104.55 123.79 125.02 128.91 130.17 151.37 149.90 150.27 149.91 169.58 167.90 203.02 140.78 207.07 164.99 179.92
25.5 56.1 94.09 93.17 93.54 94.09 94.54 104.67 105.71 125.09 126.34 130.29 131.56 153.31 151.82 152.19 151.83 171.75 170.05 205.57 142.57 209.73 168.45 183.65
26.0 57.2 95.12 94.20 94.57 95.12 95.58 105.80 106.85 126.41 127.65 131.66 132.94 155.23 153.72 154.09 153.73 173.91 172.19 208.13 144.37 212.36 171.89 187.39
26.5 58.3 96.15 95.22 95.58 96.15 96.62 106.93 107.99 127.70 128.96 133.01 134.32 157.14 155.62 156.00 155.63 176.08 174.32 210.66 146.14 214.98 175.34 191.09
27.0 59.4 97.18 96.22 96.61 97.18 97.64 108.06 109.13 128.98 130.28 134.38 135.69 159.05 157.51 157.89 157.51 178.20 176.45 213.16 147.92 217.59 178.75 194.80
27.5 60.5 98.19 97.25 97.61 98.19 98.67 109.18 110.25 130.28 131.56 135.73 137.06 160.94 159.39 159.78 159.40 180.33 178.54 215.68 149.68 220.19 182.16 198.47
28.0 61.6 99.21 98.24 98.63 99.21 99.68 110.28 111.37 131.55 132.86 137.07 138.41 162.84 161.26 161.64 161.26 182.45 180.64 218.18 151.44 222.76 185.57 202.14
28.5 62.7 100.20 99.24 99.63 100.20 100.70 111.39 112.49 132.82 134.13 138.40 139.75 164.71 163.11 163.51 163.12 184.56 182.72 220.64 153.18 225.33 188.96 205.80
29.0 63.8 101.21 100.22 100.63 101.21 101.70 112.50 113.59 134.08 135.40 139.72 141.09 166.58 164.96 165.37 164.97 186.65 184.80 223.11 154.93 227.88 192.32 209.45
29.5 64.9 102.21 101.22 101.62 102.21 102.71 113.58 114.70 135.34 136.67 141.05 142.43 168.44 166.80 167.21 166.81 188.73 186.87 225.56 156.65 230.43 195.69 213.09
30.0 66.0 103.20 102.20 102.61 103.20 103.71 114.66 115.78 136.57 137.93 142.35 143.74 170.28 168.63 169.04 168.63 190.80 188.92 228.00 158.36 232.94 199.04 216.69