0.75 1.7 E1 E2 E3 E4 E5 F1 F2 F3 F4 F5 F6 G1 G2 G3 G4 H1 H2 H3 H4 H5
0.75 1.7 38.37 38.01 38.17 38.26 38.54 41.40 41.79 49.14 49.62 50.62 51.11 43.66 43.23 43.44 43.34 50.73 50.25 58.55 40.70 59.99
1.0 2.2 39.46 39.07 39.26 39.35 39.65 43.10 43.51 50.34 50.83 51.84 52.34 44.91 44.46 44.69 44.58 53.03 52.52 60.30 41.86 61.79
1.5 3.3 42.73 42.34 42.52 42.64 42.95 46.62 47.07 54.40 54.92 56.01 56.56 48.50 48.04 48.27 48.14 58.14 57.58 64.79 45.21 66.42
2.0 4.4 46.42 45.97 46.19 46.32 46.65 50.50 51.00 58.77 59.34 60.53 61.11 52.53 52.02 52.27 52.16 62.89 62.29 70.00 48.97 71.74
2.5 5.5 50.17 49.68 49.91 50.03 50.40 54.36 54.89 63.12 63.74 65.02 65.66 56.61 56.07 56.34 56.20 67.62 66.97 75.23 52.77 77.07
3.0 6.6 53.43 52.92 53.17 53.30 53.68 57.84 58.39 66.81 67.46 68.82 69.49 60.23 59.64 59.93 59.78 71.81 71.13 79.67 56.14 81.63
3.5 7.7 56.69 56.14 56.42 56.56 56.95 61.31 61.90 70.47 71.16 72.60 73.30 63.81 63.21 63.51 63.36 75.99 75.27 84.09 59.49 86.18
4.0 8.8 59.93 59.36 59.65 59.78 60.23 64.76 65.39 74.12 74.85 76.35 77.09 67.40 66.75 67.07 66.92 80.16 79.38 88.48 62.83 90.70
4.5 9.9 63.15 62.55 62.85 63.01 63.46 68.19 68.87 77.77 78.51 80.11 80.88 70.96 70.29 70.62 70.44 84.30 83.48 92.88 66.16 95.20
5.0 11.0 66.38 65.73 66.06 66.22 66.69 71.62 72.32 81.38 82.17 83.83 84.64 74.51 73.80 74.15 73.97 88.44 87.58 97.22 69.46 99.68
5.5 12.1 69.50 68.85 69.18 69.34 69.84 74.93 75.66 84.89 85.72 87.46 88.31 77.98 77.24 77.60 77.41 92.43 91.54 101.49 72.70 104.03
6.0 13.2 72.63 71.93 72.29 72.44 72.98 78.24 79.00 88.39 89.26 91.08 91.97 81.43 80.65 81.04 80.85 96.41 95.49 105.70 75.92 108.35
6.5 14.3 75.74 75.01 75.36 75.56 76.10 81.53 82.32 91.89 92.77 94.68 95.60 84.86 84.05 84.46 84.25 100.39 99.42 109.91 79.11 112.65
7.0 15.4 78.82 78.07 78.45 78.65 79.21 84.81 85.63 95.36 96.27 98.28 99.23 88.29 87.44 87.86 87.65 104.35 103.33 114.09 82.30 116.93
7.5 16.5 81.90 81.12 81.51 81.71 82.29 88.06 88.91 98.81 99.76 101.84 102.83 91.70 90.81 91.25 91.04 108.28 107.24 118.25 85.48 121.19
8.0 17.6 84.97 84.15 84.57 84.78 85.38 91.32 92.20 102.24 103.24 105.41 106.43 95.09 94.18 94.64 94.40 112.20 111.12 122.41 88.64 125.44
8.5 18.7 88.02 87.17 87.61 87.81 88.46 94.55 95.47 105.66 106.69 108.94 109.99 98.46 97.52 98.00 97.76 116.11 115.00 126.55 91.79 129.68
9.0 19.8 91.06 90.20 90.62 90.84 91.50 97.77 98.72 109.08 110.13 112.48 113.57 101.83 100.86 101.33 101.10 119.99 118.85 130.67 94.93 133.89
9.5 20.9 94.09 93.19 93.64 93.86 94.55 100.98 101.95 112.48 113.57 115.98 117.10 105.19 104.17 104.68 104.42 123.86 122.66 134.75 98.05 138.08
10.0 22.0 97.11 96.16 96.64 96.87 97.57 104.17 105.18 115.85 116.98 119.47 120.63 108.51 107.47 107.98 107.74 127.71 126.49 138.84 101.17 142.24
10.5 23.1 100.11 99.14 99.62 99.86 100.59 107.34 108.39 119.21 120.37 122.94 124.14 111.84 110.76 111.30 111.03 131.54 130.29 142.90 104.26 146.41
11.0 24.2 103.08 102.10 102.59 102.84 103.58 110.51 111.58 122.57 123.74 126.41 127.64 115.13 114.02 114.58 114.30 135.37 134.07 146.94 107.33 150.54
11.5 25.3 106.06 105.04 105.55 105.81 106.59 113.65 114.76 125.90 127.12 129.85 131.13 118.43 117.29 117.87 117.57 139.15 137.83 150.96 110.39 154.65
12.0 26.4 109.01 107.97 108.50 108.76 109.55 116.78 117.92 129.22 130.46 133.28 134.59 121.70 120.52 121.12 120.83 142.96 141.57 154.98 113.46 158.75
12.5 27.5 111.96 110.89 111.42 111.69 112.51 119.91 121.08 132.52 133.80 136.71 138.04 124.95 123.76 124.36 124.06 146.71 145.30 158.95 116.49 162.84
13.0 28.6 114.90 113.81 114.35 114.62 115.46 123.03 124.21 135.81 137.12 140.11 141.48 128.20 126.97 127.59 127.28 150.47 149.03 162.93 119.52 166.90
13.5 29.7 117.81 116.70 117.26 117.54 118.39 126.11 127.32 139.08 140.44 143.50 144.89 131.44 130.17 130.81 130.48 154.20 152.73 166.88 122.53 170.94
14.0 30.8 120.73 119.57 120.15 120.44 121.31 129.19 130.44 142.34 143.72 146.87 148.30 134.65 133.36 134.00 133.69 157.92 156.40 170.82 125.53 174.97
14.5 31.9 123.63 122.44 123.04 123.33 124.22 132.25 133.53 145.59 146.99 150.22 151.68 137.85 136.53 137.19 136.85 161.61 160.06 174.73 128.50 178.98
15.0 33.0 126.51 125.29 125.90 126.21 127.11 135.30 136.61 148.82 150.26 153.56 155.05 141.04 139.67 140.36 140.01 165.29 163.70 178.64 131.48 182.96
15.5 34.1 129.37 128.12 128.74 129.05 130.00 138.33 139.67 152.02 153.50 156.89 158.40 144.21 142.82 143.52 143.17 168.96 167.33 182.51 134.44 186.93
16.0 35.2 132.22 130.95 131.58 131.90 132.87 141.35 142.73 155.23 156.72 160.19 161.74 147.37 145.95 146.65 146.30 172.60 170.95 186.37 137.38 190.88
16.5 36.3 135.06 133.76 134.41 134.74 135.71 144.37 145.76 158.40 159.95 163.50 165.07 150.52 149.07 149.79 149.42 176.23 174.54 190.21 140.31 194.81
17.0 37.4 137.89 136.56 137.22 137.56 138.55 147.36 148.79 161.58 163.14 166.76 168.38 153.63 152.16 152.89 152.53 179.85 178.12 194.05 143.22 198.73
17.5 38.5 140.71 139.34 140.04 140.37 141.37 150.33 151.79 164.73 166.33 170.03 171.67 156.75 155.24 156.00 155.61 183.44 181.69 197.85 146.13 202.63
18.0 39.6 143.50 142.12 142.80 143.16 144.19 153.29 154.78 167.86 169.50 173.27 174.96 159.85 158.31 159.09 158.69 187.01 185.22 201.64 149.02 206.50
18.5 40.7 146.28 144.88 145.59 145.94 146.99 156.25 157.76 170.99 172.65 176.50 178.22 162.92 161.36 162.14 161.75 190.59 188.74 205.41 151.88 210.35
19.0 41.8 149.07 147.63 148.34 148.71 149.77 159.18 160.73 174.11 175.79 179.72 181.46 166.01 164.39 165.20 164.79 194.12 192.27 209.16 154.75 214.19
19.5 42.9 151.82 150.36 151.09 151.44 152.55 162.11 163.67 177.19 178.91 182.91 184.68 169.05 167.44 168.24 167.83 197.65 195.75 212.90 157.60 218.02
20.0 44.0 154.57 153.08 153.82 154.20 155.30 165.02 166.62 180.28 182.02 186.10 187.90 172.09 170.44 171.26 170.84 201.15 199.23 216.62 160.42 221.81
20.5 45.1 157.17 155.67 156.41 156.80 157.93 167.74 169.35 183.18 184.95 189.10 190.93 174.92 173.25 174.09 173.66 204.47 202.50 220.08 163.07 225.38
21.0 46.2 159.76 158.23 158.98 159.38 160.53 170.43 172.09 186.07 187.87 192.08 193.95 177.75 176.04 176.90 176.47 207.74 205.75 223.54 165.71 228.94
21.5 47.3 162.34 160.77 161.56 161.94 163.12 173.11 174.80 188.94 190.77 195.05 196.94 180.56 178.82 179.70 179.27 211.02 208.98 226.98 168.33 232.48
22.0 48.4 164.91 163.32 164.11 164.51 165.68 175.79 177.50 191.80 193.67 197.99 199.92 183.37 181.60 182.49 182.04 214.27 212.20 230.40 170.94 235.99
22.5 49.5 169.07 167.43 168.25 168.65 169.87 180.16 181.90 196.51 198.42 202.87 204.84 187.93 186.11 187.03 186.58 219.58 217.48 236.04 175.19 241.79
23.0 50.6 171.62 169.98 170.81 171.21 172.45 182.83 184.61 199.38 201.30 205.82 207.82 190.73 188.89 189.81 189.36 222.84 220.69 239.46 177.80 245.30
23.5 51.7 174.18 172.49 173.34 173.76 175.02 185.48 187.28 202.21 204.17 208.76 210.78 193.51 191.64 192.58 192.12 226.07 223.89 242.87 180.39 248.80
24.0 52.8 176.71 175.02 175.87 176.28 177.57 188.12 189.96 205.05 207.05 211.68 213.73 196.28 194.40 195.33 194.86 229.28 227.09 246.25 182.98 252.28
24.5 53.9 179.25 177.53 178.39 178.81 180.11 190.77 192.61 207.86 209.89 214.58 216.67 199.04 197.12 198.07 197.60 232.48 230.26 249.62 185.54 255.75
25.0 55.0 181.76 180.01 180.88 181.31 182.63 193.38 195.26 210.66 212.72 217.48 219.58 201.77 199.83 200.81 200.32 235.67 233.40 252.98 188.10 259.20
25.5 56.1 184.26 182.48 183.38 183.81 185.15 195.98 197.89 213.45 215.53 220.35 222.49 204.49 202.54 203.52 203.02 238.82 236.53 256.32 190.63 262.62
26.0 57.2 186.73 184.95 185.84 186.29 187.64 198.56 200.50 216.23 218.33 223.21 225.38 207.22 205.22 206.21 205.71 241.98 239.65 259.62 193.16 266.04
26.5 58.3 189.22 187.40 188.31 188.77 190.13 201.15 203.11 218.98 221.10 226.06 228.26 209.91 207.89 208.90 208.40 245.13 242.76 262.93 195.68 269.42
27.0 59.4 191.67 189.83 190.76 191.22 192.59 203.72 205.69 221.73 223.88 228.89 231.12 212.59 210.54 211.57 211.06 248.23 245.84 266.22 198.18 272.80
27.5 60.5 194.13 192.25 193.19 193.66 195.06 206.26 208.27 224.46 226.63 231.71 233.95 215.26 213.19 214.23 213.71 251.34 248.92 269.47 200.67 276.14
28.0 61.6 196.55 194.68 195.62 196.09 197.50 208.81 210.83 227.17 229.38 234.51 236.79 217.92 215.82 216.88 216.35 254.43 251.97 272.72 203.15 279.49
28.5 62.7 198.98 197.07 198.03 198.50 199.94 211.33 213.37 229.86 232.10 237.30 239.60 220.55 218.44 219.50 218.96 257.48 255.02 275.94 205.61 282.81
29.0 63.8 201.40 199.46 200.42 200.91 202.36 213.84 215.91 232.56 234.81 240.08 242.40 223.18 221.04 222.11 221.57 260.55 258.03 279.17 208.06 286.11
29.5 64.9 203.79 201.83 202.80 203.29 204.76 216.33 218.43 235.22 237.52 242.82 245.19 225.79 223.62 224.72 224.16 263.58 261.04 282.35 210.49 289.40
30.0 66.0 206.16 204.19 205.18 205.68 207.16 218.80 220.94 237.89 240.19 245.57 247.97 228.39 226.20 227.30 226.75 266.61 264.04 285.54 212.91 292.66
