0.75 1.7 10.70 11.06 10.75 10.82 11.08 11.66 11.76 11.74 12.15 12.12 12.16 12.20 12.37 12.05 12.49 12.16 14.24 14.20 14.95 14.28 14.76 14.36 14.61
1.0 2.2 12.57 12.81 12.63 12.72 12.83 14.23 14.47 14.45 15.09 15.03 15.36 15.54 15.83 14.90 15.56 14.99 18.78 18.71 19.74 19.83 20.31 18.96 19.37
1.5 3.3 13.35 14.46 13.41 13.51 15.02 15.16 15.27 15.24 15.60 15.53 15.89 16.10 16.88 15.24 16.11 15.69 19.73 19.65 20.81 20.85 21.59 19.88 20.51
2.0 4.4 13.89 14.51 13.96 14.05 15.76 15.92 16.02 15.99 16.31 16.25 16.43 16.44 17.22 15.95 16.84 16.38 20.59 20.50 21.61 21.66 22.37 20.74 21.40
2.5 5.5 14.42 14.62 14.48 14.57 16.02 16.27 16.29 16.27 16.75 16.69 17.13 17.35 18.19 16.46 17.35 16.87 21.12 21.03 22.50 22.54 23.32 21.25 21.93
3.0 6.6 14.88 15.11 14.95 15.05 16.52 16.79 16.81 16.78 17.27 17.21 17.68 17.91 18.76 16.98 17.90 17.42 21.79 21.68 23.21 23.26 24.05 21.92 22.61
3.5 7.7 15.34 15.58 15.41 15.53 17.00 17.31 17.34 17.31 17.80 17.72 18.20 18.45 19.33 17.47 18.45 17.96 22.43 22.34 23.93 23.98 24.80 22.59 23.30
4.0 8.8 15.80 16.06 15.87 15.98 17.48 17.82 17.85 17.82 18.31 18.25 18.75 18.98 19.89 17.98 18.99 18.49 23.09 22.99 24.62 24.69 25.53 23.24 23.98
4.5 9.9 16.26 16.54 16.34 16.45 17.98 18.32 18.35 18.32 18.82 18.76 19.29 19.52 20.46 18.49 19.53 19.03 23.74 23.64 25.34 25.41 26.27 23.90 24.66
5.0 11.0 16.72 17.01 16.80 16.91 18.46 18.83 18.86 18.82 19.34 19.27 19.80 20.05 21.02 19.00 20.08 19.56 24.39 24.28 26.04 26.11 26.99 24.56 25.34
5.5 12.1 17.14 17.48 17.23 17.35 18.91 19.32 19.34 19.33 19.84 19.78 20.33 20.60 21.59 19.49 20.59 20.05 25.03 24.92 26.74 26.81 27.70 25.20 26.00
6.0 13.2 17.58 17.93 17.67 17.78 19.38 19.81 19.84 19.82 20.35 20.28 20.83 21.12 22.13 19.98 21.11 20.55 25.67 25.56 27.41 27.48 28.41 25.83 26.65
6.5 14.3 18.00 18.39 18.09 18.22 19.85 20.29 20.33 20.29 20.85 20.77 21.34 21.64 22.68 20.48 21.63 21.06 26.29 26.19 28.08 28.16 29.11 26.48 27.31
7.0 15.4 18.43 18.83 18.53 18.64 20.30 20.78 20.82 20.79 21.35 21.28 21.85 22.18 23.24 20.97 22.14 21.55 26.92 26.80 28.76 28.84 29.80 27.11 27.96
7.5 16.5 18.85 19.29 18.95 19.07 20.76 21.28 21.31 21.28 21.85 21.76 22.36 22.69 23.78 21.46 22.66 22.05 27.56 27.43 29.43 29.51 30.51 27.74 28.61
8.0 17.6 19.28 19.75 19.37 19.50 21.21 21.75 21.78 21.75 22.33 22.27 22.86 23.21 24.32 21.95 23.16 22.53 28.18 28.04 30.10 30.18 31.20 28.36 29.26
8.5 18.7 19.70 20.19 19.79 19.93 21.67 22.23 22.26 22.23 22.83 22.76 23.36 23.73 24.88 22.44 23.67 23.03 28.79 28.67 30.76 30.85 31.88 28.97 29.90
9.0 19.8 20.12 20.64 20.22 20.34 22.12 22.70 22.74 22.71 23.32 23.23 23.86 24.26 25.41 22.92 24.18 23.51 29.41 29.29 31.43 31.51 32.58 29.61 30.55
9.5 20.9 20.53 21.08 20.62 20.77 22.58 23.18 23.21 23.18 23.81 23.72 24.35 24.77 25.95 23.41 24.70 24.01 30.03 29.90 32.08 32.16 33.25 30.22 31.19
10.0 22.0 20.94 21.53 21.04 21.19 23.02 23.65 23.69 23.66 24.30 24.21 24.85 25.27 26.49 23.88 25.19 24.48 30.64 30.50 32.72 32.81 33.93 30.85 31.82
10.5 23.1 21.34 21.94 21.45 21.59 23.45 24.11 24.15 24.11 24.77 24.67 25.34 25.77 27.02 24.35 25.67 24.95 31.23 31.09 33.35 33.44 34.57 31.43 32.43
11.0 24.2 21.75 22.37 21.84 22.00 23.89 24.57 24.60 24.57 25.24 25.14 25.81 26.28 27.52 24.82 26.16 25.42 31.82 31.67 33.98 34.07 35.22 32.02 33.03
11.5 25.3 22.14 22.80 22.25 22.39 24.31 25.01 25.06 25.03 25.71 25.61 26.28 26.78 28.05 25.26 26.64 25.87 32.39 32.24 34.59 34.69 35.86 32.60 33.63
12.0 26.4 22.54 23.22 22.64 22.80 24.74 25.48 25.52 25.48 26.18 26.06 26.75 27.25 28.56 25.73 27.12 26.34 32.97 32.83 35.21 35.30 36.49 33.19 34.23
12.5 27.5 22.93 23.64 23.04 23.20 25.18 25.93 25.96 25.93 26.64 26.53 27.23 27.74 29.08 26.18 27.61 26.81 33.55 33.40 35.81 35.91 37.11 33.78 34.83
13.0 28.6 23.32 24.07 23.42 23.58 25.59 26.37 26.41 26.38 27.09 26.98 27.70 28.23 29.58 26.64 28.07 27.26 34.12 33.98 36.41 36.52 37.76 34.35 35.43
13.5 29.7 23.71 24.47 23.82 23.98 26.01 26.83 26.87 26.83 27.55 27.44 28.16 28.70 30.09 27.10 28.56 27.72 34.68 34.55 37.03 37.13 38.39 34.93 36.02
14.0 30.8 24.09 24.90 24.21 24.37 26.43 27.26 27.30 27.26 28.01 27.89 28.62 29.19 30.60 27.54 29.02 28.17 35.26 35.11 37.62 37.73 39.01 35.50 36.61
14.5 31.9 24.48 25.29 24.59 24.78 26.84 27.71 27.74 27.71 28.46 28.34 29.11 29.68 31.10 27.99 29.50 28.62 35.82 35.67 38.23 38.33 39.64 36.07 37.20
15.0 33.0 24.87 25.71 24.98 25.16 27.27 28.14 28.19 28.14 28.92 28.80 29.55 30.16 31.59 28.44 29.96 29.07 36.38 36.23 38.82 38.93 40.25 36.63 37.78
15.5 34.1 25.24 26.12 25.36 25.54 27.68 28.59 28.62 28.59 29.37 29.24 30.01 30.63 32.09 28.88 30.42 29.52 36.95 36.79 39.42 39.53 40.86 37.20 38.36
16.0 35.2 25.63 26.53 25.75 25.93 28.10 29.02 29.06 29.01 29.80 29.69 30.46 31.09 32.59 29.32 30.89 29.97 37.50 37.33 40.00 40.11 41.47 37.75 38.94
16.5 36.3 26.00 26.94 26.12 26.31 28.50 29.46 29.49 29.45 30.25 30.13 30.92 31.57 33.07 29.76 31.34 30.41 38.06 37.88 40.58 40.70 42.08 38.30 39.51
17.0 37.4 26.38 27.34 26.51 26.68 28.92 29.88 29.93 29.88 30.69 30.58 31.39 32.04 33.57 30.20 31.81 30.85 38.61 38.44 41.17 41.29 42.70 38.86 40.09
17.5 38.5 26.77 27.73 26.88 27.07 29.32 30.31 30.36 30.31 31.14 31.02 31.83 32.50 34.06 30.64 32.26 31.29 39.16 38.99 41.76 41.87 43.30 39.41 40.66
18.0 39.6 27.13 28.13 27.25 27.45 29.72 30.74 30.78 30.73 31.57 31.45 32.27 32.97 34.54 31.07 32.72 31.73 39.71 39.53 42.35 42.47 43.89 39.97 41.23
18.5 40.7 27.50 28.53 27.63 27.81 30.12 31.16 31.20 31.16 32.02 31.88 32.72 33.43 35.03 31.50 33.17 32.15 40.25 40.07 42.92 43.04 44.49 40.51 41.79
19.0 41.8 27.87 28.93 27.98 28.19 30.52 31.59 31.62 31.58 32.45 32.32 33.16 33.88 35.51 31.92 33.62 32.59 40.78 40.61 43.49 43.62 45.08 41.06 42.35
19.5 42.9 28.24 29.32 28.37 28.57 30.91 32.01 32.05 32.01 32.89 32.75 33.59 34.35 35.99 32.35 34.07 33.02 41.32 41.14 44.06 44.18 45.67 41.59 42.92
20.0 44.0 28.60 29.70 28.74 28.93 31.31 32.43 32.47 32.42 33.30 33.18 34.03 34.79 36.46 32.78 34.51 33.45 41.87 41.67 44.63 44.76 46.27 42.13 43.47
20.5 45.1 28.88 30.02 29.02 29.21 31.63 32.76 32.80 32.75 33.65 33.51 34.38 35.14 36.83 33.11 34.85 33.79 42.29 42.10 45.06 45.19 46.74 42.56 43.90
21.0 46.2 29.18 30.33 29.31 29.51 31.95 33.10 33.15 33.08 33.98 33.85 34.72 35.50 37.19 33.44 35.21 34.12 42.71 42.51 45.52 45.65 47.20 42.98 44.33
21.5 47.3 29.45 30.63 29.58 29.80 32.26 33.43 33.47 33.43 34.32 34.17 35.06 35.85 37.56 33.79 35.54 34.44 43.15 42.94 45.96 46.10 47.66 43.40 44.75
22.0 48.4 29.74 31.10 29.87 30.08 32.57 33.78 33.82 33.75 34.65 34.51 35.40 36.18 37.93 34.11 35.89 34.77 43.56 43.35 46.40 46.54 48.13 43.81 45.20
22.5 49.5 30.30 31.40 30.44 30.65 33.19 34.43 34.47 34.41 35.31 35.16 36.07 36.88 38.65 34.75 36.57 35.43 44.38 44.19 47.29 47.42 49.04 44.66 46.05
23.0 50.6 30.58 31.71 30.72 30.93 33.50 34.75 34.79 34.74 35.64 35.51 36.41 37.22 39.00 35.08 36.92 35.76 44.82 44.59 47.73 47.87 49.51 45.06 46.48
23.5 51.7 30.86 32.01 30.99 31.22 33.80 35.08 35.12 35.08 35.98 35.83 36.75 37.57 39.36 35.41 37.25 36.10 45.22 45.03 48.16 48.30 49.97 45.49 46.90
24.0 52.8 31.14 32.31 31.28 31.50 34.10 35.41 35.47 35.40 36.29 36.17 37.08 37.91 39.72 35.72 37.61 36.43 45.65 45.43 48.60 48.74 50.43 45.89 47.34
24.5 53.9 31.42 32.60 31.55 31.78 34.41 35.72 35.79 35.73 36.62 36.48 37.41 38.25 40.08 36.04 37.95 36.75 46.05 45.84 49.04 49.18 50.89 46.32 47.75
25.0 55.0 31.69 32.91 31.83 32.05 34.72 36.06 36.11 36.06 36.95 36.80 37.73 38.58 40.44 36.38 38.28 37.07 46.47 46.25 49.48 49.61 51.32 46.71 48.16
25.5 56.1 31.96 33.20 32.10 32.33 35.01 36.39 36.43 36.38 37.27 37.13 38.06 38.92 40.78 36.70 38.61 37.38 46.87 46.64 49.90 50.04 51.78 47.12 48.59
26.0 57.2 32.23 33.49 32.38 32.61 35.31 36.71 36.75 36.70 37.59 37.44 38.39 39.25 41.14 37.01 38.94 37.70 47.28 47.06 50.33 50.47 52.23 47.52 48.99
26.5 58.3 32.51 33.80 32.64 32.88 35.61 37.02 37.06 37.01 37.91 37.76 38.71 39.58 41.48 37.33 39.27 38.02 47.68 47.45 50.74 50.89 52.66 47.91 49.41
27.0 59.4 32.76 34.09 32.91 33.14 35.91 37.34 37.39 37.34 38.23 38.07 39.05 39.92 41.82 37.64 39.58 38.34 48.08 47.85 51.18 51.32 53.10 48.31 49.81
27.5 60.5 33.03 34.37 33.18 33.41 36.21 37.66 37.71 37.64 38.54 38.39 39.36 40.24 42.16 37.94 39.91 38.65 48.47 48.25 51.58 51.73 53.55 48.71 50.23
28.0 61.6 33.30 34.65 33.45 33.69 36.50 37.96 38.01 37.96 38.86 38.71 39.69 40.56 42.50 38.26 40.24 38.97 48.87 48.64 52.00 52.16 53.98 49.11 50.64
28.5 62.7 33.55 34.96 33.71 33.95 36.79 38.28 38.33 38.28 39.16 39.01 40.00 40.90 42.84 38.55 40.57 39.27 49.27 49.03 52.43 52.58 54.42 49.49 51.03
29.0 63.8 33.83 35.24 33.97 34.21 37.08 38.59 38.63 38.58 39.47 39.32 40.32 41.22 43.20 38.86 40.89 39.58 49.66 49.41 52.82 52.98 54.84 49.89 51.44
29.5 64.9 34.08 35.51 34.24 34.48 37.37 38.90 38.94 38.90 39.78 39.63 40.63 41.53 43.53 39.18 41.19 39.90 50.06 49.80 53.25 53.40 55.28 50.28 51.83
30.0 66.0 34.34 35.79 34.51 34.74 37.65 39.21 39.27 39.19 40.09 39.93 40.95 41.85 43.86 39.48 41.51 40.19 50.44 50.18 53.65 53.80 55.70 50.66 52.23